#WPolyhedron
#version 1
#dimension
512  258
#vertices
0 -0.7224210050058503  2.1460636688271983 -5.4100200481883540
1 -0.5414344584624070  2.1503641338162383 -5.4116858909514081
2  2.0142148317401292 -2.4829486235270508 -5.2083896361779178
3  2.0816383770540705 -2.4456897206724193 -5.4078848021597015
4 -2.9212345219979299 -1.1416107547214061 -5.2241515354857366
5 -1.5404517700926970  2.0698331066102647 -5.4639429157742381
6 -2.2210194936043841  1.8073926145799619 -5.3921369156152998
7  2.0952303608255956 -2.4334007805123719 -5.2672944359439011
8 -1.3782872354651641 -2.7153950722914466 -5.2230490521027662
9 -0.3174975397774497  2.1492269324114961 -5.4391821382462950
10 -0.8618622037801211  2.1397882669316570 -5.3716017007397525
11  0.9400383482326123  2.0384875352095779 -5.3780581587475478
12  2.4667573632128148  1.2726045977170735 -5.4248575396229590
13  2.5144670718196149  1.1948855311309601 -5.2662032200065330
14  1.3080045683385126  1.9672811725800741 -5.3237310861000013
15  2.3532606679394821 -2.1499827738426007 -5.3665784597481654
16  2.3681498871709996 -2.1272835843751889 -5.2192683477871462
17 -2.1105015268376310 -2.5242045573170246 -5.2967205216729170
18 -0.9820073715456350 -2.7719476880808993 -5.2674562158616309
19 -0.8977132722066192 -2.7823874836220459 -5.3618160521031548
20 -2.3135485814674128 -2.4098779386404576 -5.2369022105529650
21  1.4910362061934492  1.9162988344080985 -5.1966171867494948
22  1.3158593044422353  1.9641289870764438 -5.2445704611977524
23  1.4506116862866165  1.9289637488788882 -5.2110911586639332
24  1.3194925071009058  1.9632138472555929 -5.2437368708198138
25  0.6567788256892855 -2.7948688058475519 -5.2139372930369996
26  0.4289390577323751 -2.8045560265013196 -5.2398944414333117
27  0.8334465083578699 -2.7844536092078607 -5.1881286498191184
28  0.9666888674998881 -2.7733613973748525 -5.1623301111058666
29 -0.2371043936867926 -2.8131131909395140 -5.2771095058034838
30 -0.3326865794867414 -2.8116116659784169 -5.2771095058034279
31  1.1801068629301921 -2.7496890880582541 -5.1094529299863112
32  1.0922945617102933 -2.7607257790553601 -5.1337464604267797
33  0.0424921370640901 -2.8129204940951373 -5.2681385635939062
34  0.2124338268000861 -2.8100311410285861 -5.2572617688340753
35  2.6685599955428341 -1.3462228228055579 -5.1698353187782287
36  2.7601644105169596 -0.4737265520294495 -5.2860286443187983
37  2.7497715943586893 -0.6621910702168136 -5.2762949007383808
38  2.6841072003548927 -1.2481722977994434 -5.1914841367530498
39  2.7074531192242555 -1.0845836582751325 -5.2233619703869119
40  2.7343152804122877 -0.8576401809801918 -5.2585488280195207
41  2.7303149673299014 -0.9038419508590955 -5.2537869475685444
42  2.7636995103324118 -0.3237200216750150 -5.2860286443187263
43  2.7636734057061538 -0.1724047167874983 -5.2801537161962955
44 -2.8155074338318720  0.7785927690856697 -5.0953375194038211
45 -2.7835913210215280  0.9062092197044865 -5.0728448621003093
46  1.6020283172413681  1.8796338463033426 -5.1529156791331179
47  2.0561002883228010  1.6694036301717621 -5.2359819652883788
48  1.9452968812467346  1.7302320966972891 -5.2215856027598413
49  2.2893408958289254  1.4887925470714367 -5.2332646845058299
50  2.2365390594310623  1.5383941260696135 -5.2393538720533872
51  1.7533890045718268  1.8219023205534595 -5.1880564550067998
52  1.8259709359202907  1.7885030697640507 -5.2015363555854615
53  2.1168483074850273  1.6308895365837341 -5.2406303446036517
54  2.1733730966936542  1.5898278408516751 -5.2416732790841731
55  1.7022049415191920  1.8430154033900850 -5.1770179792738915
56  1.6316175886355271  1.8701245574520222 -5.1605337859405234
57  1.6077634263046483  1.8777856059263849 -5.1540207787586336
58  2.4504083323544981  1.2934171855861660 -5.2381239476586758
59  2.6445955869319944  0.8856895793976026 -5.1957429481500608
60  2.5155076743560634  1.1926059721817821 -5.2385323818073370
61  2.5501609678847319  1.1295212596710713 -5.2349113243710530
62  2.6060910891170055  0.9984524309817374 -5.2171497669239546
63  2.5762943801198865  1.0739151569092951 -5.2289083994564400
64  2.3536390460676988  1.4202911121609787 -5.2281541453895795
65  2.3908439005883806  1.3753592411755584 -5.2335546882667030
66  2.6670687175518850  0.8055062981477509 -5.1773945750382975
67  0.3912629203187448 -0.3393269310753352 -3.2608507892984613
68  2.3615278411844516 -0.8781013250936005 -4.7461564374848093
69  0.3139768024393229 -0.3859517966356144 -3.1986357404288142
70  2.5795139521596893 -1.7205072671211257 -5.1555882721328690
71  2.6147436681407310 -1.6023824244754614 -5.1294030389066521
72  2.2302934777404464 -2.2939168874203375 -5.1714060856095188
73  2.3179318101659963 -2.1915232648597627 -5.1843680636719700
74  2.4233264047568119 -2.0399446053977721 -5.1883550199785837
75  2.4540526159279294 -1.9879590232037809 -5.1863374983788217
76  2.4951745810179817 -1.9158268120678934 -5.1825938578313533
77  2.3371175496511762 -2.1679814689472723 -5.1867464306812021
78  2.3689723935858034 -2.1256055750747365 -5.1893538416222800
79  2.5445874960658448 -1.8226113533463693 -5.1754275414068029
80  2.5364462688149487 -1.8392464434525080 -5.1771291824995016
81  0.2638910116197099 -0.3806213289418995 -3.1628667184476367
82  2.6116120712067130 -1.5280092043338691 -5.0971082087865920
83  0.2700427732392224 -0.3818066468042963 -3.1671921131662764
84  2.0117564085443518 -2.4837063784736992 -5.1715821593144380
85  2.0862879237373817 -2.4380741490692746 -5.1735849200438837
86  1.6546165347634885 -2.6508301757138031 -5.1289420275139381
87  1.5516279123578345 -2.6792100663583502 -5.1039420766706618
88  1.9230239630710784 -2.5314820634948454 -5.1649974674550814
89  1.8178215787328609 -2.5828203904541134 -5.1537890929335406
90  1.6779746475809805 -2.6429225710681958 -5.1336689604185111
91  1.7507917745095265 -2.6129440530816934 -5.1449892330561902
92  1.4639282466405437 -2.6996701736673661 -5.0802768393068725
93  1.4146042718198439 -2.7095228366380830 -5.0659062564788258
94  2.1459168973341414 -2.3836782931491323 -5.1637182655386482
95  2.0972347845111079 -2.4302435410457357 -5.1731556230529234
96 -0.1235186166139654 -0.7218184155077081 -3.1463368683503976
97 -0.1208476997427844 -0.7524421354185553 -3.1692477276396795
98 -2.4401865889771011 -2.2943797180117316 -5.1210349210231145
99 -2.0156790672424774 -2.5538183312853073 -5.0826462294547934
100 -2.1052826816662402 -2.5190801967906022 -5.1025832289239705
101 -2.2598803776902634 -2.4444239113033492 -5.1282813518693278
102 -2.3038211514959586 -2.4125400527787209 -5.1292825392052803
103 -1.9110747413999869 -2.5868400048485163 -5.0549199997648895
104 -2.4204057146218974 -2.3127501262930563 -5.1229584427492147
105 -2.2125717604837445 -2.4702175333523537 -5.1221597294739292
106 -2.1970615753402742 -2.4774223478260082 -5.1194130032407852
107 -1.8399131118009502 -2.6062328210299301 -5.0342426655388071
108 -2.3252100326126675 -2.3953813882912320 -5.1288013997185447
109 -2.3542299127619066 -2.3713241768444648 -5.1276895145133734
110 -0.1295855967497379 -0.7256018724813672 -3.1503276483865328
111 -2.7092191945411899 -1.9452832401962756 -5.1414856753984299
112 -2.7415848433457084 -1.8783763623540246 -5.1347532609823059
113 -2.8136500502996626 -1.6829955198160516 -5.1013261686436397
114 -2.7777614288657690 -1.7889949602892106 -5.1214291005885402
115 -2.5397562957275714 -2.1956165652855035 -5.1370134269364254
116 -2.5776946600409247 -2.1542467274851744 -5.1438442048107316
117 -2.6463403727175847 -2.0561829699161911 -5.1469830775207921
118 -2.8327480901210902 -1.6138244080897679 -5.0855575308198535
119 -2.6007883541575771 -2.1269487172586636 -5.1471617345856160
120 -2.6114125394240966 -2.1133201926871172 -5.1482627925505344
121 -2.6461678809406228  1.2949337140923398 -5.1562861988631621
122 -2.5449242725602215  1.4790884933517487 -5.1757657286151986
123 -2.4873916695629337  1.5507029726094306 -5.1724751290257398
124 -2.7279983533703902  1.0961454397797024 -5.1188301277589456
125 -2.5603859882020044  1.4570662720388856 -5.1754432786458864
126 -2.5959665306253967  1.3929119758854354 -5.1688427268412322
127 -2.6950901802248084  1.1816319343569963 -5.1363030285467808
128 -2.6618559061726930  1.2602431456730365 -5.1505920273514754
129 -2.7669813283609082  0.9696794006970463 -5.0871774221549835
130 -2.7467048792149558  1.0409527527113087 -5.1060293783653989
131 -2.4855115996484094  1.5528261095289466 -5.1722732186689555
132 -2.4189240480879479  1.6255785065997714 -5.1640595941186724
133 -2.7816716566076218  0.9129287780283180 -5.0712964700826788
134 -2.7807650646783224  0.9092903437341446 -5.0691723607398282
135 -2.0605446006285226  1.9016766469079260 -5.1810829767403845
136 -2.0260165909207211  1.9188518856728645 -5.1775881297314976
137 -1.9259453668408950  1.9599205888701985 -5.1619236838713913
138 -1.7475494956472790  2.0161579533727534 -5.1232100593556300
139 -1.8272700803832174  1.9940859499618835 -5.1424543899175390
140 -1.6979018329188444  2.0277534558736630 -5.1098586143556517
141 -2.3800180989720015  1.6657454902426132 -5.1644715725457164
142 -2.1841468973333567  1.8253069730867766 -5.1841326553300320
143 -2.1154111187962314  1.8704581962195743 -5.1841410939509069
144 -2.2359313071764526  1.7894743194203484 -5.1829718351235812
145 -2.2616050868784892  1.7701475071958568 -5.1814038205451158
146 -2.3395890739606662  1.7028008358342683 -5.1711487845758963
147 -2.2754839024426881  1.7587985818321166 -5.1799834316473152
148  2.3286995537386810  1.4468335136801123 -5.2255937954581064
149  2.3403374409389435  1.4344395107808940 -5.2254427978121392
150  0.2589914977992388 -0.3805451666526478 -3.1597758296039808
151  2.1743382195704681 -2.3533773171553483 -5.1607169065349616
152  2.1527074094396785 -2.3764259150762128 -5.1619164286513941
153 -0.1239121263001557 -0.7198931354012833 -3.1449374031976864
154 -0.1246247012645094 -0.7178495495999863 -3.1435054263286615
155 -0.0937580311130774 -0.3684542111304355 -2.9756297626691555
156  0.2587662152568098 -0.3805657488099443 -3.1596435333631323
157 -2.4407751728339071 -2.2937868657035603 -5.1209503594521113
158 -2.4683797951474071 -2.2661989729446135 -5.1212817858388728
159 -0.1170423283075221 -0.3908051951701715 -2.9756297626691555
160 -0.1246951276472392 -0.7168301640409641 -3.1429347619852313
161 -2.4045258987648781  1.6403339264790939 -5.1618593993872679
162 -0.5197139928964656 -0.3509845109977314 -3.1684947465818669
163 -2.3846302157725181  1.6609334473519566 -5.1633381718275011
164 -0.1162316472148117 -0.3450822267786358 -2.9756297626691555
165 -0.1089586786100864 -0.0064086151290952 -3.1553521886827252
166 -0.1404605282398715 -0.3668401271748826 -2.9756297626691555
167 -0.4953098746122372 -0.3576764934885586 -3.1530153483297787
168 -0.1050193670728463  0.0281277250754056 -3.1797682833834648
169 -0.1081437460944044  0.0096519381761236 -3.1658279343061517
170 -0.1200803729910859  0.0218800755015162 -3.1764919106802121
171 -0.0850275778637592  0.6144786538743334 -3.6303081671775206
172 -0.2116488136111275  0.3684109316333589 -3.4533716601155922
173 -0.1098081733278268  0.0029639443734947 -3.1608364693515170
174 -0.1172142640897812  0.0152635369987076 -3.1710905272258092
175 -2.8424014110069957 -1.5723290360836515 -5.0749919800004797
176 -0.5743917074939609 -0.3585026599488502 -3.2053375552491890
177 -0.5343310414959842 -0.3543673282045990 -3.1771481788488449
178 -0.5117513165653158 -0.3554450904934660 -3.1622119290179973
179 -0.5150405181036430 -0.3546877965307196 -3.1642199783746578
180 -0.8483319086063896  2.1393648469534798 -5.3255509894040527
181  0.2150055555955031  2.1217098430343020 -5.3960152260748524
182  0.4092607019912016  2.1046741344170377 -5.3850738161325342
183 -1.1822281849642280  2.1105647095617148 -5.2442033455816297
184 -0.7969772458797230  2.1415622249018207 -5.3342134767231837
185  0.6578214508829385  2.0763816330118026 -5.3598750977960368
186 -0.4754495765096787  2.1490771702175593 -5.3776840429737547
187  0.7784991832158965  2.0608138003471672 -5.3444825388883999
188 -0.0500991364056543  2.1384725020482764 -5.3997623721768324
189 -0.2524198144128730  2.1462957588229958 -5.3940528031605615
190 -0.5724543171328964  2.1487044159032060 -5.3678357958737664
191 -0.6704787778095022  2.1461023013648957 -5.3540465608700698
192 -0.2854270265347736  2.1473057484895128 -5.3926620946514037
193 -0.3701132240409920  2.1484514410619742 -5.3866011924406969
194 -0.8930382612826362  2.1358925929811940 -5.3153210634934220
195 -1.1308989286716005  2.1157021143532941 -5.2579330861443969
196  1.0649238393603144  2.0151009095663523 -5.2928379817719797
197  0.9420856230903028  2.0370277462662698 -5.3189907279048407
198  1.1857184886629564  1.9914448387175279 -5.2635094847874981
199  1.1899148709551775  1.9905538764971817 -5.2623713705076129
200  1.4190620619823358  1.8646693046981668 -5.0670465108262244
201  0.6410233282560935  1.6263902459056703 -4.5823339213954180
202 -0.0183213074317096  1.5187812725478191 -4.3342073260232752
203 -1.1543045315743574 -2.7482439186511836 -5.2096978968798453
204 -0.9818058367178519 -2.7710091506973473 -5.2387198738657874
205 -1.3931511030130670 -2.7105929176977690 -5.1592566096155421
206 -1.6325748965528271 -2.6605277674813790 -5.0880731824579204
207 -1.5470025630926125 -2.6799107905611113 -5.1160067869057482
208 -1.2985087026218363 -2.7268555439780959 -5.1814919276134823
209 -1.3568790031890159 -2.7172425136191740 -5.1684759438262624
210 -0.5034936117100404 -2.8060994366889980 -5.2722839620769104
211 -0.5938027165012290 -2.8017675078670066 -5.2697843137723517
212 -1.7164450375269638 -2.6386253205249339 -5.0558343365513663
213 -0.8126745845535049 -2.7862076776458293 -5.2552576238097171
214 -0.7234824703005812 -2.7934264314938750 -5.2626465098513302
215 -0.4804169870667389 -2.8068246488344144 -5.2722839620769228
216 -0.1581358705116089 -2.2461266011666678 -4.3171253031043806
217 -0.7769853592694682 -2.3337719162988027 -4.4963238769655405
218 -1.8007168933804132 -2.6159131111077989 -5.0222616461179452
219 -1.8006087318482924 -2.6158732310216477 -5.0221892273917819
220 -2.8478544071513348  0.6111625876808088 -5.1265745533100784
221 -2.9478455255263736 -0.6853597968330548 -5.2368411565293567
222 -2.8860170621913053 -1.3902128365990574 -5.1358842339117423
223 -2.9500904128185468 -0.2928303109549401 -5.2484894209816870
224 -2.9514838793995528 -0.4885783251098018 -5.2461606788896615
225 -2.9415328400063130 -0.1217563788491275 -5.2403601954362404
226 -2.9388920840240322 -0.0866462799468783 -5.2374669713020792
227 -2.8462118825486433 -1.5575195939172370 -5.0771204394012504
228 -2.9051217839831036 -1.2746219724544989 -5.1648560035384659
229 -2.9187188396074069 -1.1444588911420013 -5.1865175196990343
230 -2.9031241794453564  0.2575979032530381 -5.1954229228311517
231 -2.8856544086478779  0.3782475524080069 -5.1738546982869442
232 -2.9384117497004212 -0.8978649387894202 -5.2191537991096304
233 -2.9340499552108534 -0.9690373291592536 -5.2115650360995760
234 -2.9089426614963303  0.2084831660619811 -5.2024121393329397
235 -2.9252159049895612  0.0606523786977361 -5.2217320345532752
236 -2.8273316092215852  0.7154261431228648 -5.1004218778292101
237 -2.4482030711695213 -0.3396530569989922 -4.5524340123678613
238 -2.7620760911674180  0.7645287525158371 -5.0111212432801358
239 -2.5446558441413689  0.2310777432565274 -4.6984224627805373
240 -2.8441733188566722 -1.5649821761561240 -5.0741349944421099
241 -2.5865603496873000 -0.9576190868503193 -4.7305937746588356
242  2.7258951685031079  0.4545310056410888 -5.2275289019525299
243  2.7555723673710579  0.1074132757004024 -5.2676985368098652
244  2.7629258853399570 -0.0785487923682465 -5.2776519065008758
245  2.7395050508940102  0.3232600464477218 -5.2459505868469423
246  2.7116729954774854  0.5594901616425299 -5.2082784497835162
247  2.6899922633333420  0.6956388715969262 -5.1789324492547442
248  2.6807082474862751  0.7442117076236660 -5.1663660501061415
249  2.7521492646643289  0.1693749475292731 -5.2630651889518001
250  2.7444638340102419  0.2662876171471218 -5.2526625581486162
251  2.7633788841379117 -0.1359018467592567 -5.2782650639752386
252  2.6786281142148178  0.7534475222905325 -5.1635504813477491
253  2.6772702612450789  0.7510600038296400 -5.1617125566087170
254  2.3787717940292463  0.0541450805563707 -4.7576793293847937
255  2.2846134425502935 -0.4061853220363478 -4.6302310949834853
256  1.3003551078063829 -2.7305307004702879 -5.0708423910320635
257  1.2659821337996453 -2.7359528041833512 -5.0799368973443473
258  1.3643475862341476 -2.7182551944601383 -5.0504261733748805
259  1.3440214335427425 -2.7090763292363551 -5.0360157212069092
260  0.4632870057139279 -2.3837288230841245 -4.5272443145607122
261  0.7667189482695509 -2.7106487580129306 -5.0457726082248850
262 -0.0685408279776977 -2.2679744570650731 -4.3489717565155894
263  2.6356844616813637 -1.5180723696087961 -5.1286370967478589
264  2.6583586370463781 -1.3995261961957985 -5.1552051174527431
265  2.3406385013662501 -0.7028102005316118 -4.7086657938253680
266  2.6264393924383356 -1.5551770048115925 -5.1174506664198987
267  2.6189527252023366 -1.5410191121710253 -5.1069996948968930
268  2.6724625858300657 -0.8010467948325962 -5.1552051174527449
269  2.3264536831048517 -0.6124638308036405 -4.6868640404613053
270 -1.5695999466997452  2.0547183802411673 -5.1246180994100623
271 -1.3401709158355122  2.0916309775284478 -5.2011139734757865
272 -1.3298083896010648  2.0931893150332725 -5.2043876828256144
273 -1.6418789478922511  2.0389195386310792 -5.0935734754364388
274 -1.5813218570023935  2.0105351873033710 -5.0502594253747972
275 -0.7533974716675412  1.6872252720061263 -4.5659348207641122
276 -1.2156513417201218  2.1066028136824588 -5.2341998452534408
277 -0.0667232210404371  1.5306482931360881 -4.3500771306610346
278  0.1980281174584005  2.1257597510906852 -5.5295288523944439
279  0.4857336139673490  2.1004823162063841 -5.5109245182369682
280  1.4516573052038977  1.9336882974233776 -5.5304450529708129
281  0.5380277655214929  2.0946370429154735 -5.5087945176630226
282  0.8443044894736904  2.0545673185455735 -5.5021583321255232
283  0.7667786684312652  2.0656161662873922 -5.5029312668255468
284  1.3125826983560835  1.9690651737613569 -5.5162654981740165
285  1.0942249280745073  2.0139410023878748 -5.5046778971778787
286  0.9660118736355465  2.0362659391130293 -5.5019013669212420
287  1.1612684092696668  2.0012043696393134 -5.5071932133081498
288  1.1975785375003314  1.9937224167076906 -5.5091397686682457
289  1.4375185319817687  1.9380038056265274 -5.5282840738220402
290  1.4115756296423911  1.9446172052094992 -5.5256248021187879
291  1.3305650246568044  1.5623819147227023 -5.9204646777033894
292  2.0620192930821091  1.6675576659217426 -5.4710797417830612
293  1.9310130412608031  1.7396373347916088 -5.4808261084965029
294  2.2349199166164264  1.5406089542858499 -5.4829859213918422
295  1.7300103132582800  1.8341406002201595 -5.5083040353344668
296  1.8728143518385527  1.7682136939261897 -5.4878372996004066
297  2.1108327472612118  1.6365762846237344 -5.4706586990621373
298  2.1679522746298683  1.5950969779265043 -5.4742343111686367
299  1.6504225742333394  1.8672206489846763 -5.5225616000924020
300  1.6215914722272335  1.8784440664041282 -5.5283181162790438
301  2.2642270396268183  1.5131067617029870 -5.4896623333287025
302  1.5471876191247804  1.9028723985100680 -5.5467046767414701
303  1.3314813269097330  1.5629651947912100 -5.9197412164626337
304  2.6507696525235032  0.8717610110454097 -5.4882108857208216
305  2.5485377036806680  1.1354266698230646 -5.4461905503934247
306  2.2956273842520551  1.4835962166583534 -5.4813610287538195
307  2.6039939074562275  1.0080117386077618 -5.4618426156820954
308  2.5795287733435703  1.0696401550809354 -5.4524589609490057
309  2.3562108229548460  1.4189786425764583 -5.4643424639104694
310  2.3927655446591887  1.3747317730287900 -5.4564792817905969
311  2.4666287321278730  1.2729751607323698 -5.4462408978496155
312  2.5196675179617891  1.1879159655535010 -5.4443747018235706
313  2.6729745294836986  0.7873677468526541 -5.5097468107412375
314  2.6662639178285650  0.8171780148016209 -5.5012686890287217
315  2.2720357816573062  1.5057729863664568 -5.4893540956490074
316  2.7302043288246698  0.4355181230419790 -5.4991813544506591
317  2.7578370570411881  0.0786259774111987 -5.5075254196199728
318  2.7638800147120799 -0.0741062048565119 -5.5164306294753285
319  2.7334367947346054  0.4039697196312719 -5.4991903565809945
320  2.7176318365589118  0.5292518622702032 -5.5018930463448434
321  2.6953950072488930  0.6698304016168252 -5.5090789783439682
322  2.7648142453473521 -0.2991400628764820 -5.5369032612012301
323  2.7647650301013642 -0.1818321135396395 -5.5258272155055206
324  2.7512919846419450  0.1972865343560970 -5.5023135923751134
325  2.7507218299290623  0.2045196715862744 -5.5021538205939633
326  2.6773015238337541  0.7647383409569067 -5.5167724850786009
327  2.2380119833053040  0.5786297977229188 -5.9396629007126451
328  2.6664363829130040 -1.3613457235427677 -5.5053260579822414
329  2.6362311190782961 -1.5197647946683575 -5.5118443842816358
330  2.7606987715230851 -0.4738995787902828 -5.5382911802642081
331  2.7491498946430215 -0.6830601532194377 -5.5206318026974266
332  2.6880307505264254 -1.2249964398867461 -5.5037977247454908
333  2.7053829558636964 -1.1030797797246608 -5.5042449181263926
334  2.7468740491195924 -0.7118820255735934 -5.5188329128255269
335  2.7295870672049154 -0.9115110987451309 -5.5077859380619252
336  2.7626604789381637 -0.3915048930014610 -5.5476468193160802
337  2.7592464982341753 -0.3915728576398890 -5.5508026730606677
338  2.3520394249106387 -2.1521109364087230 -5.4283001930424142
339  2.5854896215818206 -1.7045705681172092 -5.4817712867422337
340  2.6134963310373744 -1.6112612396905268 -5.5090891879781640
341  2.2432136258034348 -2.2833704761374500 -5.4441934861158785
342  2.2888659213029285 -2.2297933699878922 -5.4367421806964282
343  2.4281552605972458 -2.0354248200719938 -5.4303105956835509
344  2.3829735224995066 -2.1065917906557177 -5.4281131749035705
345  2.4344599366865718 -2.0247745350702839 -5.4309969020138897
346  2.5119706765434788 -1.8889945399713315 -5.4419899966946019
347  2.5429635617631585 -1.8286293758980638 -5.4495898620079357
348  2.5268958619694502 -1.8613812071228721 -5.4448813325758207
349  2.1717003791407423 -2.3597089408362839 -5.4598696991869673
350  2.2458827336554377 -1.4547631632685099 -5.8792850802152827
351  2.6201480511019648 -1.5845732956912535 -5.5179655610874061
352  2.2612384699704160 -1.4521057351809494 -5.8686726089189172
353  2.0868680831010868 -2.4422763764373454 -5.4255602903372440
354  1.6164008329686173 -2.6696199128024292 -5.4297274330692389
355  1.5636616794325580 -2.6847464323940882 -5.4392084976688180
356  1.9111061894006296 -2.5417670034057109 -5.4144494491766082
357  1.8297212914740000 -2.5816414205648068 -5.4146944456619526
358  1.6667912124694735 -2.6522438458969355 -5.4232123671535222
359  1.7499175571418264 -2.6177203054556824 -5.4175633886585590
360  1.9843021245833450 -2.5023174496750604 -5.4173507417536158
361  2.0827472283951995 -2.4452068771047468 -5.4247795232643270
362  1.4633654902683406 -2.7093691555587167 -5.4608450826871815
363  2.1422186149071778 -2.3909459546793190 -5.4464622658751498
364  2.1152221244305487 -2.4165578560805376 -5.4357662294564344
365  2.1689923298715197 -2.3625900364477674 -5.4596417676452162
366  1.3053817017333151 -2.3191060154423528 -5.8682796747125039
367  0.6346615168733902 -2.8023370084728105 -5.4468762045304882
368  0.5204515818488269 -2.8069031967599187 -5.4496600767189403
369  1.3107475009423668 -2.7399824543507849 -5.4646512319013700
370  0.7970094325422452 -2.7933609423878467 -5.4453290075121252
371  1.0243160247110605 -2.7755402768247208 -5.4482567879205490
372  1.3545185379932141 -2.7321282925545480 -5.4695036571231235
373  1.1961490154175565 -2.7569536691643384 -5.4554302096413156
374  1.0898149365694998 -2.7693973756679631 -5.4500777552678867
375  0.0259569478611649 -2.8172742848898493 -5.4708279524888024
376  0.2453391078879859 -2.8136197271079952 -5.4605189334343569
377  1.4017929473215571 -2.7224982061043352 -5.4758570148415382
378  1.2977837076960030 -2.3398139820044275 -5.8535220817980793
379 -1.1155857985682842 -2.7603572064370807 -5.4249818559908762
380 -0.2314136038363020 -2.8174127179489208 -5.4772726608943376
381 -0.4339957105257394 -2.8137870204506492 -5.4561975305800781
382 -1.6196127282672823 -2.6755979629908113 -5.4454576526206182
383 -1.5940906802672079 -2.6810197195590799 -5.4433331505916929
384 -1.2619345672058264 -2.7395973425527882 -5.4272201967460756
385 -1.3946903700276512 -2.7186849530327395 -5.4312536767314405
386 -0.4955918109208689 -2.8116882317801766 -5.4507487125960967
387 -0.5524557486349949 -2.8088839607639624 -5.4465528705514972
388 -1.6625066943048910 -2.6651055023622914 -5.4503570091769049
389 -0.7389696191155185 -2.7968672844176483 -5.4355039309428097
390 -1.0184186667962345 -2.7726311600716129 -5.4249487754870094
391 -0.8944929828773879 -2.7844414064625180 -5.4286068816680206
392 -0.1789654052358605 -2.8175465630034640 -5.4835037761670460
393 -0.1788168532958227 -2.8136631687864639 -5.4872602093884471
394 -2.4655162800581958 -2.2846260615881375 -5.4296091199329819
395 -2.0258677035794257 -2.5620408444755003 -5.4135538124009290
396 -2.2686268048024676 -2.4488110661795295 -5.3907006129717630
397 -1.9297494274227098 -2.5939446845548124 -5.4328670996939081
398 -2.3881462603650072 -2.3552545234290938 -5.4094683967640833
399 -2.2157052546329390 -2.4779554198263085 -5.3921413433434289
400 -2.1063947602934103 -2.5297229805740211 -5.4018108683374368
401 -1.8517418939574766 -2.6165437485872176 -5.4511562056791805
402 -2.3197596535730387 -2.4118886957385017 -5.3962661605337239
403 -2.3759320442213214 -2.3658868999103060 -5.4066997602390767
404 -2.4883622305606381 -2.2621454484608225 -5.4368467571323347
405 -1.6131396808600917 -2.2504467172340976 -5.8526480086733654
406 -1.7924405362954321 -2.6322522845747014 -5.4662277391287883
407 -1.6107012335844060 -2.2625225187652398 -5.8441928096127587
408 -2.7130349673655170 -1.9679217626832899 -5.3852482067944365
409 -2.7609896997309971 -1.8704236041324802 -5.3883696276754858
410 -2.8284118030288390 -1.6989204791245291 -5.4076592772161840
411 -2.8005473512109247 -1.7762316926717916 -5.3969031681277331
412 -2.5308455198167406 -2.2190649866604848 -5.4250162724478574
413 -2.5932438835634293 -2.1495065421595618 -5.4042730137142732
414 -2.6677151095752505 -2.0476665946603916 -5.3876640581765942
415 -2.8508233196258557 -1.6247908645002946 -5.4214821159073168
416 -2.6232747610994784 -2.1133151777598447 -5.3954647485185934
417 -2.6450629167019151 -2.0848888922661644 -5.3900127901661454
418 -2.4992765511641526 -2.2512298229128289 -5.4368209050968792
419 -2.9586517595763135 -0.7063573463440894 -5.4265504694853544
420 -2.8992379833742632 -1.4104730632597842 -5.4088671277632789
421 -2.9635394098115224 -0.3013865772860722 -5.4649479980315494
422 -2.9637322858018931 -0.4618898902858664 -5.4476766615517480
423 -2.9423986262114101 -1.0159136254281571 -5.4092649407568167
424 -2.8738887253813323 -1.5316658399521339 -5.4204004908408905
425 -2.9230177767379759 -1.2366027246493430 -5.4044540514548594
426 -2.9194329279443738 -1.2741823885827506 -5.4039091777788677
427 -2.9518187392311437 -0.8643096713021764 -5.4163229633904884
428 -2.9446463747023435 -0.9879777380599483 -5.4100720782616296
429 -2.8588802013115604 -1.5940373681326423 -5.4282278581273529
430 -2.8701582997252175  0.5888931795343473 -5.4486376280943656
431 -2.9590453440310047 -0.1895946891890433 -5.4778554734759020
432 -2.9460968938789964 -0.0165102339538117 -5.4648978364465695
433 -2.8355675793348230  0.7798321879214349 -5.4535989547491681
434 -2.8173571397152624  0.8571046165189141 -5.4596004957208510
435 -2.9153195726812395  0.2783956215350537 -5.4510846203499073
436 -2.9012711619585914  0.3821959367109539 -5.4492717357155325
437 -2.9290874015746393  0.1561372845904755 -5.4558547695573223
438 -2.9392306204502643  0.0596698202004394 -5.4603015946431253
439 -2.9597405338402942 -0.2027309249913177 -5.4791115436808173
440 -2.9533450233595309 -0.2031278985531813 -5.4852339357950530
441 -2.6565229855072654  1.3031036643925913 -5.4203195414930034
442 -2.5579737606902322  1.4773996285214077 -5.4184622772552116
443 -2.5180230697816661  1.5278136846736512 -5.4275627170162934
444 -2.3957648775394800  1.6634479654236021 -5.4644870456402810
445 -2.7428913204409828  1.1027837498394684 -5.4451002605646979
446 -2.5766072155903137  1.4506995731630532 -5.4157686694205935
447 -2.6180362826864156  1.3768236986185234 -5.4168432745425150
448 -2.7073059668128869  1.1909082627140402 -5.4321697434186902
449 -2.6827195630583982  1.2468939749801236 -5.4256212565026063
450 -2.7765385417688297  1.0070371801296032 -5.4633726926384973
451 -2.7708570331014881  1.0252802028611576 -5.4592769586581573
452 -2.4429206296775723  1.6139902121490886 -5.4488543605675890
453 -2.4419042329997986  1.6151230206743334 -5.4491587963103427
454 -2.3335912815532196  1.7209976156879039 -5.4888263170225340
455 -2.7866233955892090  0.9718341216343700 -5.4720159098323098
456 -2.3927859233082809  0.8491227543140471 -5.8633619280137275
457 -2.0715328147280618  1.9019686601224899 -5.4420807671205154
458 -2.0191107809189064  1.9281372514706918 -5.4409427056483448
459 -1.9231792961388754  1.9679948650740728 -5.4459226161289642
460 -1.7235180719266006  2.0304438006401950 -5.4743218593200558
461 -1.8436266532817669  1.9961429264041473 -5.4543655988889865
462 -1.6694679522362756  2.0436847337511472 -5.4852326550912425
463 -2.1311727541136776  1.8680743045796335 -5.4470012601671343
464 -2.2750769409718026  1.7694266077469276 -5.4737056675740892
465 -2.2223580334001531  1.8086086707972102 -5.4612465870377447
466 -2.3260824304245578  1.7278369945483292 -5.4889971364504806
467 -2.3143841576560651  1.7378247677730554 -5.4850950542178261
468 -2.3263155938586229  1.7276282907095413 -5.4890833825803860
469 -1.4704730382915350  1.6323519310795755 -5.9300288444101108
470 -1.2759839330943081  2.1065345641751154 -5.4767061496712905
471 -0.3266180468838383  2.1509324052440508 -5.5114507799912111
472 -0.0484244318070892  2.1415840004640310 -5.5438022271700031
473 -0.2122615879282682  2.1475899594473260 -5.5242532485112754
474 -0.7204043036371683  2.1476366298798610 -5.4820463910427346
475 -0.5377495047674072  2.1521669516971778 -5.4927090544923027
476 -1.5409598399650524  2.0704387609676629 -5.4905131539478571
477 -1.3155155801930976  2.1021979629592291 -5.4777263177406681
478 -1.0646939978860153  2.1264610349693402 -5.4744780842912446
479 -0.8747245828873133  2.1414353571890192 -5.4753915307218257
480 -0.0165284075348775  2.1396785714875710 -5.5483380330761580
481 -0.0163707890217288  2.1355778787644559 -5.5524172946080981
482 -1.6104390889244025  2.0562719054001199 -5.4987961000018011
483 -1.4692403109799690  1.6352115592412027 -5.9280283297697220
484 -0.0670419829454874  1.1798832064153557 -6.2135268651173376
485  1.4750675793193806  0.8038907543495419 -6.2112115688290901
486  1.3283533752763870  1.5575818217699269 -5.9238256299815228
487  1.4999489496922145  0.7785427637236623 -6.2111719376079346
488  1.8129408839833054 -0.3413787047706282 -6.2105788954422669
489  2.2125004241880504  0.5988861406856059 -5.9500106905185035
490  2.2302135240316856  0.5798060280894432 -5.9451206746775416
491  1.8100255938026788 -0.4166748515466939 -6.2105743053563094
492  1.4126542928929706 -1.5377999341949935 -6.2110272147059202
493  2.2388951779436286 -1.4511040670367306 -5.8842456805549919
494  1.4032941920193698 -1.5461575318468601 -6.2110400125545322
495 -0.0139121104329226 -1.7886623583941428 -6.2130984057909799
496  1.3020346997377001 -2.3114116313489736 -5.8736277752292878
497 -0.1304474798506553 -1.7847907775276624 -6.2132704746017451
498 -1.6051558459301136 -1.4805708242562350 -6.2154780472061422
499 -1.6036091605461369 -2.2325642300466151 -5.8654571369488480
500 -1.6125370062060145 -1.4731261102882263 -6.2154897951369232
501 -1.9087815273533759 -0.2547939706186470 -6.2160697849349305
502 -2.4162244461505216 -1.3949351665818326 -5.8751540012524561
503 -2.4180119678930470 -1.3899960456119702 -5.8749019230971058
504 -2.4180092838702532 -1.3928539839959759 -5.8746002854504580
505 -1.9086395967886816 -0.2472317159350857 -6.2160704680956265
506 -2.3864255191154622  0.8510428128247490 -5.8677829122607204
507 -2.3730797580441552  0.8654655861912620 -5.8720000736224627
508 -0.1494541780265690  1.1821731873777124 -6.2136484969436623
509 -1.4652303950722905  1.6209001991557510 -5.9378297734252889
510 -1.5973718188662669  0.8966802898313446 -6.2157470446498060
511 -1.5989110912888014  0.8987528536037192 -6.2148040896584229
#facets
0   25   0.0475532313507009  0.8640805749477637  0.5011022352634729  0.8604028213335142
 196 197 187 185 182 181 188 189 192 193 186 190 191 184 180 194 195 183 276 277 202 201 200 199 198
1   19  -0.0269662218836627 -0.8580790936784600  0.5128090208540346  0.2822421944009785
 216 217 219 218 212 206 207 205 209 208 203 204 213 214 211 210 215 261 262
2   22  -0.8106598062479966  0.0127348618762591  0.5853789386602093  0.6845645979172330
 237 239 238 236 220 231 230 234 235 226 225 223 224 221 232 233 229 228 222 227 240 241
3   16   0.8043043785500330  0.0000000000002389  0.5942175246870840  0.9138398648528843
 243 249 250 245 242 246 247 248 252 253 254 255 269 268 251 244
4    7   0.4320869258776948  0.4154784441315986  0.8004239819917628  2.5753618253830535
 155 156 150 149 148 165 164
5    8   0.4074758652454565 -0.4244908917241029  0.8085610070277584  2.2877768756547949
 155 159 160 154 153 152 151 156
6    6  -0.4167670175967992 -0.4072566514398934  0.8126790712830216  2.2102946347564574
 159 166 167 158 157 160
7   11  -0.3929808738073620  0.4376105535553000  0.8087416375076939  2.5118504968738322
 165 173 174 163 161 162 179 178 167 166 164
8    8   0.0170030975535623  0.5682122871526685 -0.8227063214794922 -5.7811920445287717
 484 508 509 469 483 481 291 486
9    8   0.5709952454328711 -0.0221576239605643 -0.8206542934716651 -6.1394830014629926
 488 490 327 337 352 350 493 491
10    9  -0.0179257448014470 -0.5758939317078772 -0.8173278700101669 -6.1084676691834616
 495 496 366 378 393 407 405 499 497
11    6  -0.5728862266871666  0.0106780549199375 -0.8195653423707394 -6.1852693042547120
 440 456 506 505 501 503
12    7  -0.0066575165964137 -0.8476439106832544  0.5305237771809737  0.3843418733038613
 256 258 259 260 262 261 257
13    7   0.8005157182618350 -0.0188651984766451  0.5990147653457094  0.9335837705427235
 265 267 266 263 264 268 269
14    8   0.0336661877367890  0.8568616962591494  0.5144459362140637  0.9285719257394938
 270 273 274 275 277 276 272 271
15    4   0.1969755554085346  0.5931179802308197  0.7806482511979466  2.4862837383106129
 168 201 202 171
16    6   0.3227953740611276  0.5346757829931054  0.7809769225562598  2.5021862008482540
 46 200 201 168 169 57
17   15   0.3730202821580061  0.4935376069744117  0.7856694595061796  2.5228705382475285
 55 56 57 169 173 165 148 49 50 54 53 47 48 52 51
18   15   0.5082091484335573  0.3249472099906261  0.7975793202984557  2.5122071001021453
 67 253 252 66 59 62 63 61 60 58 65 64 149 150 81
19    3   0.5574637481977995  0.2245894757338826  0.7992457299447023  2.4643154327944998
 67 254 253
20    6   0.5853124506218671  0.1029428320112336  0.8042462983965368  2.4284473934500554
 67 81 83 69 255 254
21    5   0.5839491523515857 -0.1026405473109912  0.8052752979668287  2.3528215576763172
 68 265 269 255 69
22    4   0.5538416345025272 -0.2204536592783175  0.8029069858971017  2.3092290699982101
 68 69 83 82
23   19   0.5005858952659102 -0.3269804947912393  0.8015594285434508  2.2786697706281851
 71 266 267 82 83 81 150 156 151 72 73 77 78 74 75 76 80 79 70
24   17   0.3329396700329501 -0.5089540617416758  0.7937990546448142  2.1713110647364613
 84 85 95 94 152 153 96 259 258 93 92 87 86 90 91 89 88
25    4   0.2448504487764779 -0.5670303673013818  0.7864634894844245  2.0954297000162909
 96 97 260 259
26    4   0.1310374428353911 -0.6061408149250132  0.7844886876540685  2.0459886751070040
 97 216 262 260
27    7  -0.1426510672474649 -0.6008673005815397  0.7865171073187237  2.0233106270241330
 96 153 154 110 217 216 97
28    3  -0.2514138957491095 -0.5596963587913495  0.7896398159793875  2.0489277988748871
 110 219 217
29   18  -0.3623765462458665 -0.4742142204814540  0.8023740473271080  2.1366916383103787
 104 109 108 102 101 105 106 100 99 103 107 218 219 110 154 160 157 98
30   14  -0.4951642898810727 -0.3207764166776933  0.8074124203466231  2.1857898075404458
 113 114 112 111 117 120 119 116 115 158 167 178 175 118
31    3  -0.5813221907811910 -0.1025583631686138  0.8071841751728855  2.2166236589216033
 176 237 241
32    4  -0.5795436555682368  0.1086523886752765  0.8076656546651971  2.2949081554440305
 176 177 239 237
33    6  -0.5355722849230498  0.2538455001998283  0.8054345346771534  2.3627665199147416
 134 238 239 177 179 162
34   16  -0.4810493003923004  0.3495151606506506  0.8040091560843249  2.4201651423172317
 129 133 134 162 161 132 131 123 122 125 126 121 128 127 124 130
35   18  -0.3322326633467559  0.5059218020112934  0.7960305192988312  2.4776202758469381
 170 274 273 140 138 139 137 136 135 143 142 144 145 147 146 141 163 174
36    4  -0.2399586237459788  0.5664928775102658  0.7883563145051067  2.4629982277862954
 170 172 275 274
37    5  -0.1051177904002698  0.6156549863181294  0.7809732312717183  2.4479287414808266
 171 202 277 275 172
38    7  -0.5449493897949636 -0.2256271571819710  0.8075410506618713  2.1945393105833291
 175 178 179 177 176 241 240
39   18   0.1072335230122425  0.7032538267575690 -0.7028051128820977 -5.4023650817041808
 285 287 288 284 290 289 280 302 303 291 481 480 278 279 281 283 282 286
40   12   0.3687270815035348  0.5709884358253562 -0.7334933847824388 -5.7254792974704749
 292 297 298 294 301 303 302 300 299 295 296 293
41   16   0.5730023355276740  0.3409452865255104 -0.7452681631975623 -5.9063088555765173
 327 490 489 315 306 309 310 311 312 305 308 307 304 314 313 326
42   14   0.6764123745644177  0.0695147894793146 -0.7332352920991818 -5.9092127904810399
 316 319 325 324 317 318 323 322 336 337 327 326 321 320
43   12   0.6765303289903609 -0.0989661757332409 -0.7297344791202698 -5.9560785067827524
 330 331 334 335 333 332 328 329 351 352 337 336
44   15   0.5690411391921327 -0.3837233255917618 -0.7272885199862009 -6.1121627727757399
 347 348 346 345 343 344 338 342 341 349 350 352 351 340 339
45   16   0.3081360992821881 -0.6245056619488500 -0.7176662333654735 -6.0619962334359236
 363 364 353 361 360 356 357 359 358 354 355 362 377 378 366 365
46   14   0.0452848695629410 -0.6954409928402767 -0.7171548689550938 -5.8838543861282933
 369 373 374 371 370 367 368 376 375 392 393 378 377 372
47   17  -0.0870287443037133 -0.6909000442409360 -0.7176929193832080 -5.8976900130876446
 387 389 391 390 379 384 385 383 382 388 406 407 393 392 380 381 386
48   14  -0.3418429589024070 -0.5843498518378432 -0.7359882078579373 -6.1739685665396387
 405 407 406 401 397 395 400 399 396 402 403 398 394 404
49   14  -0.5989216433439293 -0.3181096403848316 -0.7349143636019373 -6.2086065040715717
 412 413 416 417 414 408 409 411 410 415 429 504 502 418
50   15  -0.6919633606270319 -0.0764172930453080 -0.7178768034094509 -5.9968512353859902
 419 422 421 439 440 503 504 429 424 420 426 425 423 428 427
51   13  -0.6842609883500187  0.1052113439900670 -0.7216075615721188 -5.9576737104756470
 431 432 438 437 435 436 430 433 434 455 456 440 439
52   18  -0.6036133896896069  0.3489297310829245 -0.7168674344352801 -5.9438550187895780
 445 448 449 441 447 446 442 443 452 453 444 454 507 506 456 455 450 451
53   15  -0.2990264504236712  0.6301851392416431 -0.7165541655911371 -5.7175811326004382
 466 467 464 465 463 457 458 459 461 460 462 482 483 469 468
54   14  -0.0588140096937899  0.7028937969211414 -0.7088590991963917 -5.4379287973881265
 470 478 479 474 475 471 473 472 480 481 483 482 476 477
55    3   0.0916764710755224  0.3703131988381533 -0.9243719810862904 -6.1743902898541405
 484 486 485
56    4   0.3648066888224680  0.1014648537365421 -0.9255382019379909 -6.3748630444501755
 489 490 488 487
57    3   0.3765566989365571 -0.1330963049517795 -0.9167826493199934 -6.4307819111634501
 491 493 492
58    3   0.0715315643897336 -0.4103160781819710 -0.9091336267465439 -6.3814584560546939
 494 496 495
59    3  -0.0854115555865093 -0.4205873538900314 -0.9032226436045955 -6.3737687360442443
 497 499 498
60    5  -0.3960825322118232 -0.0967444486835208 -0.9131041229375715 -6.4566038721004118
 500 502 504 503 501
61    5  -0.4063705472552493  0.1108331665377284 -0.9069614035441030 -6.3859494397874723
 506 507 511 510 505
62    4  -0.0713512855523898  0.3686807921585274 -0.9268136099256322 -6.2054022891856917
 510 511 509 508
63   15   0.0014726161495375 -0.0001179766127440 -0.9999989087410020 -6.2132821588193270
 484 485 487 488 491 492 494 495 497 498 500 501 505 510 508
64    4   0.0000000000000000  0.0000000000000000  1.0000000000000000  2.9756297626691555
 155 164 166 159
65    5   0.0000000000002959 -0.9997693821935073  0.0214751584025020 -2.6991376744014555
 29 380 392 375 33
66    5   0.0627749280926605  0.9977789096440676  0.0222835336618078 -2.0102520051260155
 181 278 480 472 188
67    5   0.9997201542104529 -0.0235597111959265  0.0021338401516716 -2.7592733107157406
 36 330 336 322 42
68    5  -0.9970847146666877  0.0470213215105188  0.0600921550741414 -2.6123277491160524
 223 225 431 439 421
69    4  -0.3088473737695685 -0.9505344777515765  0.0331286329506366 -2.8816484387272703
 99 395 397 103
70    4  -0.2333804616127495  0.9720995830955829  0.0235788185203179 -2.2469509736827731
 138 140 462 460
71    4  -0.9585248957962662 -0.2784772250755353  0.0606667887149673 -2.8561484666043375
 113 118 415 410
72    4   0.3826730411646007  0.9238544459350964  0.0073692802764029 -2.3159150195201095
 51 295 299 55
73    6  -0.6727166789271388  0.7393059770162522  0.0296469600682006 -2.6794625859665384
 141 146 466 468 454 444
74    4   0.9460842855702425 -0.3239170507393444  0.0015062660352188 -2.9899735667830711
 70 79 347 339
75    4  -0.9286196530959620  0.3676665301799967  0.0498684516436669 -2.6810207422713042
 124 127 448 445
76    8   0.7289449460369678 -0.6845248676274591  0.0080604743515260 -3.1543203263735298
 72 151 152 94 363 365 349 341
77    8  -0.7066567890975689 -0.7066567890982056  0.0356702234886166 -3.1630449641418199
 98 157 158 115 412 418 404 394
78    4   0.3238652692191172 -0.9459330441213940  0.0179433395125244 -2.9513503389076496
 86 354 358 90
79    4   0.9460755840839774  0.3239140715559580  0.0045457065680346 -2.7652563095247320
 59 304 307 62
80    6   0.7289623998209041  0.6845412578231562  0.0041335197156681 -2.6663515534908990
 49 148 149 64 309 306
81    4  -0.1408363224497363 -0.9895675798855134  0.0303502078800431 -2.7240256745662026
 203 208 384 379
82    3  -0.0705953883509409  0.9970565268337792  0.0299094206186139 -2.0336718599043180
 10 194 180
83    4   0.1873418011917439  0.9820801142652486  0.0205353035280651 -2.0698052472401591
 198 287 285 196
84    3  -0.9947497932522808 -0.0861546690173660  0.0552288134134038 -2.7157288431218660
 4 423 425
85    5   0.1486156038893430 -0.9885084970759120  0.0276469435802085 -2.7522125650697662
 31 373 369 256 257
86    4   0.9910794219671434  0.1331186084847660  0.0064043288760373 -2.7286063286301174
 242 316 320 246
87    5  -0.9822059758225394  0.1793826627540526  0.0556172757491678 -2.6216854787503232
 220 236 44 433 430
88    4   0.9876880248109454 -0.1564344150242918  0.0007996505868155 -2.8421662690187448
 35 328 332 38
89    4  -0.8670922816673088 -0.4945807055610411  0.0595054683178208 -3.0052960974199809
 111 408 414 117
90    4  -0.4468908615265050  0.8943690062180119  0.0198151104136190 -2.5189754733854790
 135 136 458 457
91    4   0.8607167141791828 -0.5090264457867227  0.0076691213530285 -3.0843931683025523
 74 343 345 75
92    5   0.4748124910723827 -0.8799819395419106  0.0135972203665191 -3.0705046856899170
 2 84 88 356 360
93    4   0.5358141845332030  0.8443080546198100  0.0068606528210259 -2.4752563762307380
 53 297 292 47
94    4   0.8400215441438178  0.5423950405537761  0.0130929506568915 -2.6913563595748857
 12 58 60 13
95    4  -0.8174963227340559  0.5745460385622863  0.0399576261642269 -2.7234593568953076
 122 442 446 125
96    4  -0.4815267065811945 -0.8758938276574975  0.0306925645811191 -3.0718484650432618
 101 396 399 105
97    4   0.0549304643684398 -0.9981308500953044  0.0267852603551379 -2.6860652750985783
 25 367 370 27
98    3  -0.0000000000002968  0.9992844645354403  0.0378227304423957 -1.9441407353245652
 1 190 186
99    4   0.1096725196269745  0.9934012553783364  0.0335541987151572 -1.9549787427415775
 185 281 279 182
100    4  -0.0862390120108334 -0.9957236252821128  0.0331254413169418 -2.6702943348096508
 18 19 213 204
101    4   0.9984850909333789  0.0549499594210616  0.0028328684024977 -2.7423775842102054
 243 317 324 249
102    4  -0.9981588146877229 -0.0156803316740859  0.0585927287279800 -2.6463238512962941
 221 224 422 419
103    3  -0.1485997656119268  0.9884031496467578  0.0312621724844829 -2.1039256079106692
 5 270 271
104    4  -0.2409503296823656 -0.9700043377917410  0.0321640061429788 -2.8104401177313694
 212 388 382 206
105    4  -0.9923871904290034  0.1095605658140100  0.0562507483589611 -2.6169993924886352
 230 435 437 234
106    4   0.9969086882801038 -0.0784584153153267  0.0041646485866896 -2.7712517411058646
 40 334 331 37
107    4   0.2940067963750781  0.9556840275457329  0.0151010986100507 -2.1912763377347226
 21 280 289 23
108    3  -0.5683072219803823  0.8222721008812073  0.0299247983676758 -2.5870313307117367
 6 144 142
109    4  -0.9756676523418634 -0.2100557496547999  0.0628427737347474 -2.7850624804187216
 222 420 424 227
110    4  -0.8863471049556861  0.4604204541654749  0.0490083148326033 -2.6889363118541310
 126 447 441 121
111    6  -0.9633197102754137  0.2635344513216333  0.0506431511805735 -2.6634008851221003
 45 133 129 450 455 434
112    4  -0.9222925539818172 -0.3820260843355553  0.0585876758110423 -2.9452987943216025
 114 411 409 112
113    4  -0.3312456752981640  0.9432495793792340  0.0235909643118197 -2.3648805872885510
 139 461 459 137
114    3  -0.6248102803791089 -0.7798907139247379  0.0371831664405034 -3.1302457573674949
 20 102 108
115    4  -0.7497570389388093  0.6609997452826546  0.0307200146154702 -2.7310551711946287
 123 131 452 443
116    4   0.2333756969333286 -0.9720797367774617  0.0244288646388633 -2.8418345513892804
 87 92 362 355
117    4   0.6313502240798470  0.7754925847389179  0.0028540443722909 -2.5900993250750499
 50 294 298 54
118    4   0.4399238694525818  0.8979963437524939  0.0083400055767695 -2.3659765748628834
 48 293 296 52
119    5  -0.0313967185740893 -0.9990597842927969  0.0298963789046367 -2.6616469461302708
 210 386 381 30 215
120    5   0.7754797379623257 -0.6313397651589773  0.0064247131367732 -3.1477968585345231
 15 77 73 342 338
121    6   0.9705035627458484 -0.2410743378051046  0.0024491528015628 -2.9113486356656044
 263 266 71 340 351 329
122    5   0.9822862510147092  0.1873811238806566  0.0014267027334413 -2.7653032121015255
 247 321 326 313 248
123    4   0.9048159717349575  0.4257740773694074  0.0049489729797647 -2.7624398117469879
 63 308 305 61
124    4   0.4114702027694593 -0.9113054822978727  0.0146488964328922 -3.0262204725521213
 89 91 359 357
125    4  -0.7650413479284183 -0.6430844379231924  0.0339726604916460 -3.1826554703663192
 116 119 416 413
126    3  -0.4184002357513336 -0.9075802709372873  0.0352036152778148 -2.9874888809342552
 17 100 106
127    5  -0.1872954485513872 -0.9818371252150493  0.0302700264516279 -2.7661207846355436
 8 205 207 383 385
128    4   0.0235543393826906 -0.9994922095049891  0.0214596420072699 -2.7007890168796145
 34 376 368 26
129    3   0.1486590050621358  0.9887971775923049  0.0134403050347700 -2.0831131447925375
 11 286 282
130    5   0.8090055486171862  0.5877769364632904  0.0053193296978600 -2.7147714198895305
 12 311 310 65 58
131    4   0.0940751530784968 -0.9952111658967241  0.0265443185586019 -2.7139910979498691
 28 371 374 32
132    4  -0.0940881732340701  0.9953489047553396  0.0206875194216649 -2.1034924037837586
 183 195 478 470
133    4  -0.9872157479116386  0.1484212477459403  0.0581050797504158 -2.6042762090720495
 220 430 436 231
134    5   0.9999605804560729  0.0078538335228123  0.0041418393196268 -2.7403408767413260
 244 251 43 323 318
135    4  -0.9973591347707036 -0.0391863471308009  0.0611488878719641 -2.6466903970009690
 221 419 427 232
136    6   0.5813485917996446 -0.8135180610775740  0.0149056738577937 -3.1191621315737494
 7 95 85 3 361 353
137    4   0.9921142619712497 -0.1253331780617239  0.0009411005210232 -2.8171214612945392
 39 333 335 41
138    6  -0.0392513888787950  0.9990145577930464  0.0207181511880127 -2.0602192616222745
 10 180 184 0 474 479
139    5   0.0314047130921132  0.9993141739812687  0.0196195228213332 -2.0310678594262161
 189 473 471 9 192
140    5   0.2410489296696144  0.9704012760962538  0.0147233439101171 -2.1459621378471714
 14 22 24 290 284
141    4   0.9947549575978836  0.1019206459789692  0.0086461701152887 -2.7127257223041252
 245 319 316 242
142    4  -0.9871740429703588 -0.1484149776897238  0.0588251925871458 -2.7532101593275016
 222 228 426 420
143    4   0.8800360799578458 -0.4748417036540571  0.0078647595856867 -3.0647982697158649
 76 346 348 80
144    4   0.4817470392854097  0.8762946113586128  0.0052482610072146 -2.4259298316925064
 47 292 293 48
145    4  -0.0627701272483923 -0.9977026024096494  0.0254838825580708 -2.6983092414623950
 214 389 387 211
146    4  -0.9980638446185280  0.0078389362868984  0.0617018082650147 -2.6182418133051208
 223 421 422 224
147    5   0.9822848108946859 -0.1873808491618642  0.0022288232253347 -2.8620196772516557
 35 264 263 329 328
148    4   0.9624289531082325  0.2714330371955704  0.0073903002496216 -2.7472426742672864
 66 314 304 59
149    4   0.8270768132113920 -0.5620808218353945  0.0030157541238461 -3.1386071372275595
 15 338 344 16
150    4  -0.6784423361494344 -0.7339347843496421  0.0324919811913975 -3.1730584032869045
 98 394 398 104
151    4  -0.9960846588842497  0.0705265764080243  0.0533043558783987 -2.6420946501899105
 225 226 432 431
152    4   0.0862703861681851  0.9960858742106499  0.0192445230753461 -2.0281100765965765
 181 182 279 278
153    4   0.0392440944981949 -0.9988289034095245  0.0282970450885546 -2.6698314161479977
 26 368 367 25
154    4  -0.8966765544217588 -0.4392773113319473  0.0548324766839698 -3.0018917306497563
 111 112 409 408
155    4  -0.4953406440374606  0.8684245956450780  0.0218258572165351 -2.5590526854045912
 135 457 463 143
156    4  -0.3825862642037191  0.9236449478161474  0.0225335486852027 -2.4307945343511097
 137 459 458 136
157    4  -0.9416635132363329 -0.3306886885129528  0.0625685154769542 -2.8868767672681401
 113 410 411 114
158    3   0.6730007251357981 -0.7396181397236640  0.0059187294579568 -3.1787032199050844
 7 353 364
159    4  -0.6311196197034492  0.7752093315170805  0.0271756868214010 -2.6587700005677202
 145 464 467 147
160    4  -0.2713829775985955  0.9622514551650050  0.0205770868334289 -2.3088853718478553
 138 460 461 139
161    4  -0.9945890600398579  0.0861407480112881  0.0580721377347836 -2.6113752367021874
 235 438 432 226
162    5   0.1795885858305266 -0.9833335032641681  0.0283400987579398 -2.7748430802044646
 256 369 372 93 258
163    4   0.9984867837650883 -0.0549500525820225  0.0021527581570787 -2.7706394425808485
 37 331 330 36
164    5   0.8762868196649803  0.4817427557665907  0.0067325290823782 -2.7435669357773733
 13 60 61 305 312
165    5  -0.3679064535809318 -0.9292256304334805  0.0344175704982580 -2.9397224511677047
 17 400 395 99 100
166    6   0.6845456285897791  0.7289670542159019  0.0020775578005309 -2.6415666101012167
 49 306 315 301 294 50
167    4   0.5224199847217771 -0.8525119334565269  0.0173425164700090 -3.0786828302926841
 2 3 85 84
168    7  -0.2027177384165192  0.9788869328587909  0.0261895248067004 -2.1953114116971553
 140 273 270 5 476 482 462
169    4  -0.9708890093210311  0.2330898285616685  0.0551694063836031 -2.6339205319649488
 45 434 433 44
170    4   0.9580668528486389 -0.2865227444061837  0.0035528032106008 -2.9459944874053465
 70 339 340 71
171    5  -0.1252638769400769 -0.9915656871045092  0.0332633325285329 -2.6963651168055400
 203 379 390 18 204
172    5  -0.1096942731634733  0.9935982964361373  0.0270109561908321 -2.0850862145784541
 183 470 477 272 276
173    5  -0.5874632120445064 -0.8085737440006858  0.0330979607689776 -3.1343579244051734
 101 102 20 402 396
174    4  -0.9070738488872449  0.4181667719881640  0.0485137451644208 -2.6916171810807858
 121 441 449 128
175    7   0.3089905253924333  0.9509750531445856  0.0130882968472046 -2.2150535782815397
 21 46 57 56 300 302 280
176    4   0.2713512965032655 -0.9621391224743140  0.0256277757590078 -2.8680063848514452
 87 355 354 86
177    4  -0.7798789738055422  0.6248008747696482  0.0375852777440424 -2.7143361221568765
 122 123 443 442
178    6  -0.7177505310645238  0.6955486533271438  0.0323457263234397 -2.6998177029135970
 141 444 453 132 161 163
179    5  -0.9950856987411841 -0.0783149429282774  0.0605906088012821 -2.6797493546062601
 233 428 423 4 229
180    3  -0.0313980470726977  0.9991020577661154  0.0284471581627084 -2.0129195403695950
 0 184 191
181    4   0.1253061336552280  0.9919001834479360  0.0207942045851475 -2.0305380460035365
 185 187 283 281
182    4   0.4186561466761722  0.9081353846457779  0.0041417393115133 -2.3671134715712099
 51 52 296 295
183    4   0.9992178905342939  0.0392593778436571  0.0047231861624330 -2.7327538656783172
 244 318 317 243
184    4  -0.2713058439317136 -0.9619779598165785  0.0314887896819489 -2.8477955030365147
 103 397 401 107
185    6   0.0078518946572647  0.9997137216155378  0.0226013841147396 -2.0231856531846342
 1 186 193 9 471 475
186    4  -0.9423439360906250  0.3309276360106291  0.0497474204119617 -2.6788089306908849
 124 445 451 130
187    4   0.9297573698895942  0.3681169841259589  0.0064124202913253 -2.7571251373680581
 62 307 308 63
188    4   0.9962638232410719  0.0862857982253780  0.0036270546855326 -2.7381351772779126
 245 250 325 319
189    4   0.0784376057061876 -0.9966442771070957  0.0234035664110230 -2.7190625896820122
 27 370 371 28
190    4   0.7603607421358908 -0.6494094238419765  0.0109060553725585 -3.1291192069929408
 72 341 342 73
191    5   0.1408742202452900  0.9898338636763027  0.0195799997427043 -2.0448887849758939
 187 197 11 282 283
192    4   0.5877789547669263  0.8090083265753471  0.0046290241796973 -2.5393830958125108
 53 54 298 297
193    5  -0.5488466270296412  0.8355391362518871  0.0253324256563856 -2.5925504141421527
 6 142 143 463 465
194    4   0.4398828167513322 -0.8979125447604861  0.0160052956443092 -3.0362873877354724
 89 357 356 88
195    4  -0.8715765176276998  0.4881063026648697  0.0458978345764005 -2.7052338946996128
 125 446 447 126
196    4  -0.7392548000640249 -0.6726701114832004  0.0318945402769381 -3.1906099907057999
 115 116 413 412
197    4   0.9876806966394484  0.1564332543571553  0.0039342619439107 -2.7452992082998606
 246 320 321 247
198    3   0.2104509506967236  0.9775032834745440  0.0140615840974791 -2.1234345182576120
 14 284 288
199    4   0.3826406080685013 -0.9237761455115541  0.0149598810417727 -3.0067309881050779
 90 358 359 91
200    4   0.0392502825167048  0.9989863990276912  0.0220361040124021 -2.0153488137076359
 188 472 473 189
201    4  -0.8512470700887828 -0.5216448754527739  0.0571406123446620 -3.0311850332063965
 117 414 417 120
202    4   0.7705041890376391  0.6374164998457074  0.0048477211035185 -2.6934611007702798
 65 310 309 64
203    7  -0.9687590206489289 -0.2406409912974202  0.0599822742043258 -2.8275592645780145
 227 424 429 415 118 175 240
204    5   0.8443081668947223 -0.5358142557846881  0.0068412435108177 -3.1035708750587512
 16 344 343 74 78
205    4  -0.0157038448028328 -0.9996555838954359  0.0210262418202528 -2.7049099794721414
 29 30 381 380
206    6  -0.0235544857521021  0.9994984204662406  0.0211682235070426 -2.0474829889245667
 0 191 190 1 475 474
207    4  -0.6608640324833350 -0.7496031029840810  0.0367956324378690 -3.1447012560529575
 104 398 403 109
208    4   0.5022484326987300 -0.8646839999471216  0.0082517929636701 -3.1156236368627210
 2 360 361 3
209    5   0.2027256836822513 -0.9789252990957863  0.0246486503847338 -2.8143293192095276
 93 372 377 362 92
210    3  -0.1718292458662628 -0.9845371861671353  0.0340769617062731 -2.7322518375245091
 8 209 205
211    5  -0.9938086475326118 -0.0939425760590480  0.0593225462433212 -2.7004840135416108
 4 425 426 228 229
212    5  -0.1408562964196079  0.9897079243044699  0.0252532835070868 -2.1275300592296187
 5 271 272 477 476
213    4   0.8686206842658777 -0.4954524910103938  0.0049935976083472 -3.0906816300167019
 75 345 346 76
214    4  -0.2103531256395636 -0.9770489053201826  0.0335708079482558 -2.7720722474872397
 206 382 383 207
215    4   0.9900217138149825 -0.1409009552787943  0.0019816600031189 -2.8229053232003252
 38 332 333 39
216    5  -0.6002220311813482  0.7994206886691668  0.0256919406089098 -2.6394374189965735
 6 465 464 145 144
217    4   0.1174967636651390 -0.9927251437665247  0.0262925742739527 -2.7340035617682616
 31 32 374 373
218    5   0.6902196327992624 -0.7235366460561975  0.0095697603000447 -3.1564170243396203
 7 364 363 94 95
219    5  -0.1563734796596806 -0.9873032940583961  0.0279202507253016 -2.7506172314382327
 8 385 384 208 209
220    4  -0.0470863873217502 -0.9984644318555838  0.0291830507022896 -2.6716368448168004
 210 211 387 386
221    3   0.0157000335604838  0.9994129726274584  0.0304502724149849 -1.9773559775181699
 9 193 192
222    5  -0.0784335115899890  0.9965922564284369  0.0255354398148903 -2.0629290844308734
 10 479 478 195 194
223    5   0.1719000449881316  0.9849428468442312  0.0183837695661054 -2.0705173686340288
 11 197 196 285 286
224    4   0.8485032003827645  0.5291746262739202  0.0040661834762837 -2.7444231135564197
 12 13 312 311
225    6   0.2027511966981670  0.9790484967956099  0.0188677809961302 -2.0908161740913038
 14 288 287 198 199 22
226    4  -0.9894308452497271  0.1328971769476555  0.0580081272560488 -2.6052978908069204
 231 436 435 230
227    4   0.3607879520048251  0.9325798962173630  0.0112601447315940 -2.2746001766390407
 55 299 300 56
228    4   0.9962703454157238 -0.0862863631057328 -0.0002497743381504 -2.7994333315151145
 40 41 335 334
229    5   0.9759023412577412  0.2181400179930294  0.0054362558494120 -2.7503661225823484
 248 313 314 66 252
230    4   0.2486525110038608  0.9684375905940640  0.0173367210232739 -2.1384360099496704
 23 289 290 24
231    4   0.7996300030760907 -0.6003791888816284  0.0116913531453414 -3.1098001850572876
 15 16 78 77
232    5  -0.4255764989026201 -0.9043960961224834  0.0308600858747994 -3.0176033480186524
 17 106 105 399 400
233    6  -0.2485703970338480 -0.9681177777960303  0.0309955808739160 -2.8244489841440936
 212 218 107 401 406 388
234    4  -0.9967824336425418 -0.0548562565206289  0.0584428875244444 -2.6731883058591959
 232 427 428 233
235    4  -0.9165937903025814  0.3966455523072348  0.0502805072929470 -2.6807360528407891
 127 128 449 448
236    4   0.0157041149304862 -0.9996727792660015  0.0201919580238839 -2.7062933168503847
 33 375 376 34
237    4  -0.9567405674641364  0.2861261009703901  0.0527194547760524 -2.6565406523263806
 130 451 450 129
238    4  -0.6550723353115705  0.7549040152109457  0.0316253589361059 -2.6545118300004713
 146 147 467 466
239    4   0.9999901282666746  0.0000000000006031  0.0044433511227262 -2.7401845465161623
 42 322 323 43
240    5  -0.0784307792229921 -0.9965575384289470  0.0268642042672411 -2.6991766514248137
 19 391 389 214 213
241    4   0.8980191275091098 -0.4399350310994845  0.0043376306058370 -3.0644697326024506
 79 80 348 347
242    4  -0.0940763306089837 -0.9952236228806894  0.0260688411592151 -2.7137749913091929
 18 390 391 19
243    5  -0.6370435547612551 -0.7700533758738308  0.0345442852359165 -3.1486608108308691
 20 108 109 403 402
244    4  -0.9931220166823269  0.1017533380476463  0.0579216555097425 -2.6088165367178942
 234 437 438 235
245    4  -0.7895880129378271 -0.6124672438068581  0.0378767090508705 -3.1612801797503960
 119 120 417 416
246    4  -0.7391801425042794  0.6726021783291465  0.0349145619225022 -2.7010873886863771
 132 453 452 131
247    4   0.9969018075052636  0.0784578737877780  0.0055810602433185 -2.7275378908401624
 249 324 325 250
248    4   0.7746489439245904 -0.0426315108959061  0.6309529047046611  1.1278113559832759
 265 68 82 267
249    7  -0.0809941736911366  0.6090195956929346  0.7890089200320264  2.4832292466136616
 172 170 174 173 169 168 171
250    7   0.1273833351571068  0.8950419642907261  0.4274030510921168  0.3159490032728922
 24 22 199 200 46 21 23
251   13  -0.0139868226210204 -0.8903555473110535  0.4550509511751432 -0.1066335717927920
 215 30 29 33 34 26 25 27 28 32 31 257 261
252   12   0.8529922345677753 -0.0201018761244297  0.5215363480557721  0.3929344741091732
 264 35 38 39 41 40 37 36 42 43 251 268
253    6  -0.8305870155753568  0.1115617833313592  0.5455998332638575  0.3546301864050574
 133 45 44 236 238 134
254    8   0.4022032655319189  0.3935067903776963 -0.8266709981135813 -6.0442419349394774
 485 486 291 303 301 315 489 487
255    8   0.3719202697135577 -0.4152612510883209 -0.8302008228860996 -6.3203833948389336
 366 496 494 492 493 350 349 365
256    7  -0.3910629446374291 -0.3890407601090233 -0.8340965533469710 -6.3880281871537061
 498 499 405 404 418 502 500
257    6  -0.3865491435529742  0.3917825048250277 -0.8349168991770914 -6.1590183166892594
 469 509 511 507 454 468
