
# WPolyhedron::Dump
# num_vertices   num_facets   num_edges
   550  277 1650
# vertices:  ind  x y z
   0   2.311781101170 -0.699877250906 -4.521352851734
   1   1.741923972628 -1.879793346971 -4.389247948481
   2   1.754161707745 -1.896612187351 -4.420856870044
   3  -0.276879481204 -2.548758748925 -4.439650479701
   4  -1.489417610757 -1.832104536944 -4.549505795292
   5  -2.202021373760  0.653517728279 -4.535351110850
   6   0.141184368367  2.434161054900 -4.341139103109
   7   0.278876063402  2.523204592009 -4.409631106768
   8  -0.144063568682  2.220448760534 -4.181212879147
   9   0.299146049674  2.520956550321 -4.413604596528
  10   0.279846129155  2.522829047641 -4.409495197527
  11   0.749340599105  2.158895993215 -4.321562488966
  12  -0.035644241477  0.481189501516 -3.119345637404
  13   1.373422623232  1.965643417382 -4.469050562665
  14   1.374974803299  1.963670283074 -4.468618985051
  15   0.779855527199  2.143997678620 -4.323917626326
  16   1.401050946384  1.707631510172 -4.370855369348
  17   1.374973625141  1.963507536930 -4.468530897560
  18   1.431104143336  1.129531685086 -4.133342061615
  19   0.398806146277  0.184676853689 -3.114377946023
  20   1.546825724256  0.518831652975 -4.003865665002
  21   2.295461051958 -0.683290141338 -4.502172689783
  22   2.298655419630 -0.689306600941 -4.504628472332
  23   0.371038066654  0.146920032937 -3.082771724351
  24   1.809590907411  0.003847729080 -4.133543490842
  25   0.382598438817  0.148598039510 -3.091155059581
  26   2.290134504507 -0.695654046052 -4.498559143179
  27   0.236606015895  0.104185740893 -3.005152508733
  28   0.360598124654  0.140914365241 -3.075297423446
  29   1.956444342888 -1.158835831403 -4.338659710472
  30   0.392334942945  0.123064608108 -3.098795004489
  31   1.737099310762 -1.877729259561 -4.383760659268
  32   1.890473411733 -1.306648510714 -4.327431711704
  33   1.725032473041 -1.876698027306 -4.376345869931
  34   1.138867667445 -1.888597965834 -4.110840255122
  35   0.178529426119 -0.297351163454 -3.053046447095
  36   0.676951735882 -1.966134943339 -4.005709320542
  37   0.181415820442 -0.304619134656 -3.057186719014
  38  -0.221005071490 -2.511047649470 -4.403346217861
  39   0.233792549467 -2.196985820466 -4.143802593759
  40  -0.270728556798 -2.540616322052 -4.429124712510
  41   0.158957756461 -0.259989491660 -3.031821300018
  42  -0.269302698136 -2.539610424059 -4.428127019362
  43   0.157561752438 -0.280674585420 -3.043723130952
  44   0.150830297533 -0.233002013524 -3.020050203754
  45  -0.738642696213 -2.087875270679 -4.322397112175
  46   0.154278939791 -0.245787602640 -3.025388819100
  47  -0.762786199563 -2.072264384419 -4.323449343562
  48  -1.483845678416 -1.811347996790 -4.528645826385
  49  -1.484191747108 -1.809202113298 -4.527996212037
  50  -1.473300631402 -1.811140031769 -4.522239384613
  51  -1.510244541229 -1.017259278132 -4.227291144190
  52  -0.240342793025 -0.073729016235 -3.088913522381
  53  -1.590656145134 -0.504158415986 -4.125955234862
  54  -0.239443165453 -0.072759852118 -3.088016024013
  55  -2.159995521513  0.583226913646 -4.498247246784
  56  -2.191330440853  0.644523367009 -4.522252942436
  57  -1.794033142538 -0.024707672613 -4.219976873862
  58  -0.229547434700 -0.065794499419 -3.079979698347
  59  -2.184829940381  0.648868684572 -4.517603791878
  60  -0.222298439021 -0.062062437919 -3.074773628023
  61  -0.197222483135 -0.054480548933 -3.059411915904
  62  -1.928530784304  1.004482267912 -4.396547566594
  63  -0.208456789156 -0.057390954907 -3.066052484198
  64  -1.694346699566  1.916240242620 -4.484155247713
  65  -1.843661019832  1.198240533638 -4.382133405161
  66  -0.028387004243  0.308065269322 -3.025969375964
  67  -1.670520076788  1.931073859190 -4.476953083721
  68  -1.676430606870  1.930485563534 -4.479510148997
  69  -1.685124373657  1.921769093541 -4.479978510603
  70  -0.052144391231  0.388566764169 -3.062303044556
  71  -0.568765093352  1.974226411183 -4.040117818579
  72  -0.064005398246  0.442158902564 -3.092479030403
  73  -0.054770701272  0.405288915809 -3.070653006517
  74  -1.020165942185  1.913504663132 -4.161073637396
  75  -0.054693145834  0.404140411636 -3.070043773509
  76   1.858965860128 -1.822208455037 -5.858164502216
  77   2.706206982428 -1.612605802516 -5.480942512714
  78   1.860446327086 -1.829665264370 -5.853334393960
  79   0.854677780330 -2.766427196449 -5.489840973505
  80  -1.348904138057 -2.036763083169 -5.880854604129
  81  -1.353652900861 -2.036245342170 -5.878167674233
  82  -2.378182388377 -0.698516881033 -5.521484190836
  83  -2.273711106073  1.022507855399 -5.895719408911
  84  -2.620553521838  1.715790699299 -5.530604423579
  85  -1.866752671227  1.899349623970 -5.901443613613
  86  -1.869782110589  1.901088040327 -5.899328993242
  87  -0.864264447522  2.849266121398 -5.524086281453
  88   0.529482881046  2.673844964407 -5.905700776527
  89   1.324862154020  2.182737000355 -5.905343302750
  90   1.198890526740  3.026743665398 -5.526862316400
  91   1.331275335674  2.183076832840 -5.901445313882
  92   2.292708110197 -0.941157872948 -5.890904637399
  93   2.302437687823 -0.946297614971 -5.884369761727
  94   2.428878036869  0.715955432750 -5.509965644881
  95   0.508362531490  3.200138588553 -5.523022038711
  96  -0.417227637652 -3.067179253189 -5.224000483472
  97  -0.460264978641 -3.082547875668 -5.487259797637
  98   2.691760544864 -1.633785654879 -5.233089624157
  99   2.685536247389 -1.648069652105 -5.232152780906
 100   2.711012787380 -1.615181275706 -5.476795766097
 101  -2.730039247817  0.876163978716 -5.273500006361
 102  -2.748409272140  0.956291970873 -5.514332117204
 103   2.807764855146 -0.881376957241 -5.489405092930
 104  -2.625765399787  1.742744262488 -5.302007822502
 105  -2.615239227915  1.767480087864 -5.300458037981
 106   2.133079777424 -2.242491075406 -5.217155635306
 107   2.151641762942 -2.242470657093 -5.465183299761
 108  -1.798604205392 -2.182063162935 -5.252968131513
 109  -1.784281970834 -2.233592272524 -5.492806643013
 110   1.199104211117  3.022077863964 -5.321272190815
 111   1.200407925844  3.021244701721 -5.321197551754
 112   1.203018315111  3.035038345592 -5.520033414000
 113  -2.087812907492  2.340384671447 -5.315698049048
 114  -2.141115827642  2.312131562327 -5.529604380126
 115   1.763255329966  2.428411462761 -5.282717742281
 116   1.753864077792  2.475160190574 -5.500328975698
 117  -1.183230142450 -2.907519834336 -5.479992619658
 118  -0.861339238240  2.861011099041 -5.366955416087
 119  -0.858754250641  2.861861399445 -5.366940219608
 120  -0.866500905551  2.867352207707 -5.510658751025
 121   0.862620354844 -2.782687711459 -5.342635184051
 122   0.824586658601 -2.795065422028 -5.343132142124
 123   0.860649127108 -2.788488884269 -5.472074082953
 124  -2.378755371840 -0.755906898066 -5.393470904200
 125  -2.378818627914 -0.755700459086 -5.393475609702
 126  -2.399518328130 -0.702615763476 -5.504151236148
 127   2.599789335846 -1.816649796364 -5.433571821956
 128  -1.589082922138 -2.529586995443 -5.443906994804
 129   2.767918973126 -1.408999324250 -5.300390521031
 130   2.774263234141 -1.413782444284 -5.450998205254
 131  -1.838781757780 -2.110201975552 -5.277934423040
 132  -1.840280967873 -2.128799679269 -5.483128355202
 133  -1.015561824877 -2.988116570769 -5.340417254805
 134  -1.756449282516 -2.263591497870 -5.285620222943
 135  -1.762788265313 -2.272485441202 -5.483767525027
 136  -2.739062914541  0.971625639695 -5.303657805945
 137  -2.751303596364  0.997645944717 -5.507139301297
 138  -2.747024866243  1.146465899157 -5.347610087915
 139  -2.754051292940  1.113153367563 -5.491423086519
 140  -0.973619595754 -3.002609041229 -5.344875249404
 141  -0.959836183713 -3.010388965008 -5.447906787685
 142   2.290207799425 -2.135949095064 -5.286633484259
 143   2.311191699606 -2.123609633366 -5.436473201994
 144   1.205703393640  3.018032832605 -5.323111711224
 145   1.220157280296  3.023854770402 -5.516084337734
 146   1.295714894451  2.967792150177 -5.502290528359
 147   1.748090205661  2.457912489289 -5.296770568549
 148   1.747369269477  2.486649429024 -5.497946644819
 149   1.679130676866  2.574995071939 -5.344252221335
 150   1.700124962307  2.560724005839 -5.485698948186
 151  -1.419972896001 -2.712452116431 -5.345416317723
 152  -2.263855523435 -1.103011277955 -5.402255330661
 153  -2.069914177314 -1.604914091005 -5.369526106580
 154  -2.067442480811 -1.625269028667 -5.468179118526
 155  -2.176642598156 -1.349909638082 -5.471315278181
 156   2.698954267282 -1.617941840693 -5.240432345194
 157   2.720824936539 -1.591977229571 -5.471810464469
 158   2.739134709490 -1.516949054577 -5.279159185992
 159   2.747492849191 -1.519689360342 -5.459389222021
 160  -2.639390179923  1.726076292163 -5.513965265960
 161  -2.632974143941  1.726221133440 -5.308341060587
 162  -2.636769124977  1.733363864479 -5.511967495478
 163  -2.660287630444  1.650334858938 -5.329795300106
 164  -2.677583757669  1.615691451841 -5.495525194560
 165  -0.708453991687 -3.065643488853 -5.332752699843
 166  -0.712412572617 -3.068413099611 -5.451097941279
 167  -0.626226230243 -3.077594520200 -5.318284360576
 168  -0.617399019080 -3.082894789782 -5.458028284186
 169   2.779960481833 -0.676893491372 -5.305414284496
 170   2.787357288032 -0.657123758295 -5.467371818890
 171  -1.174714917964 -2.912379192094 -5.479961832894
 172  -1.179800333476 -2.909581848091 -5.479926211399
 173  -1.077511018977 -2.958687564389 -5.322520862564
 174   1.150528677479 -2.683590415176 -5.352548926382
 175   1.231984099873 -2.657633432006 -5.451194718501
 176  -2.743718701452  1.225190232857 -5.358322830298
 177  -2.748523632321  1.223651195523 -5.483074040767
 178   0.382556562038 -2.925744223925 -5.356053112987
 179   0.446574140207 -2.913363034071 -5.452097560080
 180   2.419140226947  0.790304623144 -5.397226485370
 181   2.451582604767  0.718295843728 -5.492316230864
 182   2.375836420762  0.933524021639 -5.404215113970
 183   2.448491760034  0.728143099130 -5.491748502670
 184   2.480323952312  0.594720699058 -5.406599568570
 185   2.467460171723  0.665546421452 -5.489079220680
 186  -1.379166290591 -2.758294980999 -5.443295067099
 187  -2.710337489721  1.466275527294 -5.360494873086
 188  -2.712859022876  1.473069956517 -5.483234855147
 189  -2.694137010886  1.540446426352 -5.353350982748
 190  -2.695259882430  1.555540170961 -5.488047686291
 191  -2.725291862736  0.800854005199 -5.297049340462
 192  -2.731694769182  0.757178744106 -5.493491511539
 193  -2.722794286783  0.679782037015 -5.487264585393
 194   1.914513194624  2.138830960024 -5.350107188936
 195   1.895887940967  2.200410880753 -5.474484271399
 196   2.797286867915 -0.921321646103 -5.252998550395
 197   2.809594999727 -0.938989510821 -5.480899328717
 198   2.801382893844 -1.070672504315 -5.286146470338
 199   2.810750732237 -1.069154398003 -5.464057444775
 200   1.532190499193  2.750623352828 -5.374368419847
 201   1.535979637176  2.755208512960 -5.476781325654
 202   1.580607696217  2.700451969836 -5.371852336432
 203   2.351235062644  1.009522967712 -5.405577635542
 204   2.347162625513  1.036977600249 -5.477225366131
 205  -0.494148327295  2.975705705957 -5.375418181877
 206  -0.479118337559  2.987005135930 -5.495509765499
 207   2.618688092052  0.099522473690 -5.403001199064
 208   2.595340768370  0.206254384055 -5.468773694180
 209   2.535414600864  0.405894778064 -5.409076711070
 210   2.536469529610  0.424140280085 -5.477042405149
 211  -2.334311638545  2.153131017352 -5.489787980157
 212  -2.405356759498  2.079780888578 -5.482506886466
 213   1.385524042097 -2.594531518263 -5.347198824674
 214   1.484520391629  2.796766172459 -5.373714428352
 215   1.415551816407  2.867580290391 -5.486454831030
 216  -2.654506686347  0.343505585982 -5.374125750653
 217  -2.642398032279  0.258991226807 -5.478365169453
 218  -2.589317501831  0.046032632612 -5.394165080267
 219  -2.597111014015  0.056154710203 -5.479169185592
 220  -0.593977888042 -3.078197033853 -5.306851607416
 221  -2.544764132439  1.902039401446 -5.484945530711
 222  -0.149794739884 -3.041136864561 -5.302922429650
 223  -0.156188787513 -3.048974780320 -5.457948204173
 224  -1.144268293259  2.763994870131 -5.388833297364
 225   1.743910836682 -2.449428126630 -5.442467250259
 226   1.808277000985 -2.414791550432 -5.305467265351
 227   1.818452367382 -2.416501266325 -5.443079162153
 228   2.787224326351 -1.294896825894 -5.307002767922
 229   2.795077807456 -1.288371176677 -5.449741415473
 230   2.795273612433 -1.221061023136 -5.304956404008
 231   2.803214228528 -1.215756132432 -5.452135631374
 232   0.545495271447  3.191550205690 -5.311162397913
 233   0.534438785537  3.202248746714 -5.516809495833
 234   0.577109377824  3.202186108776 -5.509224962890
 235  -0.354706491892 -3.063825442127 -5.246924562546
 236  -0.339614941432 -3.073316251057 -5.472535553379
 237  -0.235560760427 -3.052426901762 -5.282418944787
 238  -0.262866983981 -3.064490513324 -5.465403712133
 239   0.725226656049 -2.827676365906 -5.351331916304
 240   0.701817865707 -2.839691146639 -5.461912394680
 241   0.563588083435 -2.876292379361 -5.357415083445
 242   0.532828089640 -2.889886470283 -5.454340451297
 243  -2.013962316614 -1.734381777758 -5.351402252234
 244  -2.018439638263 -1.741137164751 -5.469157619734
 245  -1.921402532873 -1.938644515526 -5.315807153996
 246  -1.963836928014 -1.865034001246 -5.471863464076
 247  -2.605494664429  1.791572417585 -5.314110302968
 248  -2.625445576776  1.759626980998 -5.505919349007
 249  -2.084926170965  2.342173104364 -5.316640704523
 250  -2.069149593302  2.356027736325 -5.519673187186
 251  -2.003123430574  2.388487673412 -5.336980392224
 252  -2.011308908011  2.388275690327 -5.513832742941
 253   2.204336678680 -2.202107304609 -5.256937525074
 254   2.204879722932 -2.210384198365 -5.451564958966
 255   2.242638774459 -2.175458774166 -5.273167068631
 256   2.230025809143 -2.192200054042 -5.446747300878
 257   0.996233983223  3.121283587768 -5.374845032115
 258   1.030715013085  3.115316855500 -5.491897158284
 259   0.961264938652  3.133415205875 -5.378033335884
 260   0.965534220073  3.137405579701 -5.487333378330
 261  -0.771870103153 -3.053229127883 -5.339403146301
 262  -0.791017730064 -3.052687552827 -5.448103268187
 263  -0.876645867943 -3.029157330205 -5.345370696434
 264  -0.884083376099 -3.031067684583 -5.446752824839
 265   0.843470585165  3.159780276138 -5.371127914805
 266   0.849902458391  3.162305254043 -5.427220043638
 267  -1.362891171563 -2.766036336535 -5.333116019999
 268  -1.295615655516 -2.821012282255 -5.310484598369
 269  -1.363321597284 -2.768888206471 -5.379292914873
 270  -1.624519516659  2.567211803573 -5.379097428493
 271  -1.652552378043  2.558795153345 -5.498439732997
 272  -1.538050106584  2.604782231701 -5.383974033731
 273   1.646970897952  2.633067741698 -5.477801604023
 274   1.611239399518  2.677382270174 -5.474801931093
 275   0.238490975656  3.151934368026 -5.317977085043
 276   0.226150960689  3.160279169154 -5.500006868268
 277   2.413006825106 -2.029098376294 -5.428101641428
 278   2.460707831211 -1.977276917335 -5.317107525773
 279   2.475323641579 -1.967613299027 -5.424917744082
 280  -2.279965878585  2.201717572074 -5.379490738486
 281  -2.284346495641  2.200214466316 -5.497136139874
 282  -2.233154357558  2.240877513926 -5.369273772004
 283  -2.226312921956  2.249207048690 -5.508487606734
 284   0.872544692252 -2.779491103012 -5.343337579404
 285   0.941745690741 -2.761900014798 -5.466079580374
 286   1.083986375854 -2.707526867796 -5.351955955198
 287   0.985717506467 -2.746711197962 -5.463386060907
 288  -2.240140466590 -1.166902198892 -5.399679387227
 289  -2.126753274010 -1.463159621498 -5.382142135794
 290  -2.176211228234 -1.349725092977 -5.462408767393
 291   0.780520571162  3.178301327249 -5.490388662616
 292   0.700913920499  3.189888876645 -5.496115548690
 293   0.777529331086  3.178013487669 -5.474540185480
 294   2.731533717334 -0.351944498311 -5.458709190216
 295   2.722091178360 -0.352737019951 -5.361786297760
 296   2.721127378395 -0.301917171482 -5.458243298233
 297  -2.145973111918  2.305282425574 -5.341806057846
 298  -2.143160680454  2.310865531955 -5.528976721054
 299  -2.189577629881  2.274409780805 -5.356870794118
 300  -2.196379042233  2.272573728451 -5.515284522569
 301  -0.472396180189 -3.072414247236 -5.252392724785
 302  -0.471657600539 -3.083232740968 -5.484657940783
 303  -0.547561497943 -3.085484363559 -5.469013386356
 304  -0.540509733941 -3.076576037454 -5.284202185923
 305  -0.560536149611 -3.082011620020 -5.383740322636
 306   0.454781464172  3.180172282815 -5.267292189532
 307   0.463486881716  3.181553394022 -5.271854167910
 308  -1.805358030019  2.485009413724 -5.363600297443
 309  -1.763853989564  2.508641268706 -5.501274224648
 310  -1.958188426883  2.411094693589 -5.344015668080
 311  -1.916372248784  2.435589614465 -5.508212803167
 312   0.136395210945 -2.985497464616 -5.341947754798
 313   0.144673697300 -2.988979954280 -5.449206226173
 314   0.301711822244 -2.946375578854 -5.353068191036
 315   0.251062119361 -2.963447313359 -5.449381907780
 316   1.790718453314  2.380458853951 -5.297407711756
 317   1.816014542508  2.360351085356 -5.487434681582
 318   1.836697454770  2.295252550356 -5.319388932602
 319   1.869740052327  2.255494755971 -5.477927640356
 320  -1.416659822930 -2.722335247050 -5.440567843672
 321  -1.502442896597 -2.632300831587 -5.438829620896
 322  -1.422810980211 -2.710641315320 -5.358106694655
 323  -1.502156533192 -2.632215522938 -5.432769915364
 324  -2.694474093323  0.541139846826 -5.355558559102
 325  -2.699740196517  0.535312007932 -5.480662804132
 326  -2.714915101119  0.625434274645 -5.484162414123
 327  -2.709656265122  0.637033493424 -5.339932722739
 328  -2.711852306634  0.641029702635 -5.370644251724
 329   2.197872700938  1.432090716190 -5.389185941610
 330   2.107172502229  1.695441171332 -5.464154711969
 331   2.210159402681  1.400294523258 -5.391499428941
 332   2.204824145209  1.437738560734 -5.466485380126
 333   2.146410302809  1.567187206380 -5.385666313862
 334   2.092655930162  1.725876625904 -5.438495064868
 335  -2.417170708163 -0.631361700661 -5.402550568063
 336  -2.425905335169 -0.615477973954 -5.498401040708
 337  -2.453779706657 -0.502243429916 -5.406918063797
 338  -2.470024610976 -0.457849065002 -5.490816846215
 339   2.532376185620 -1.901845041454 -5.427055673785
 340   2.502301458901 -1.931574355348 -5.317246320514
 341   2.507577706689 -1.932182872795 -5.425192848484
 342   2.793843671016 -0.868638676602 -5.238461004874
 343   2.795550360504 -0.888190654335 -5.244466719281
 344   2.807115918300 -0.867281502724 -5.487538456006
 345   2.790717121644 -0.806212876273 -5.262560131791
 346   2.800087970386 -0.775607183255 -5.477532050832
 347  -1.273354615887  2.714108849779 -5.390606669733
 348  -1.321484520880  2.698697963576 -5.496562566762
 349  -1.439253753351  2.646822004526 -5.388251394612
 350  -1.441007468345  2.650256066446 -5.495781096244
 351  -1.459274285751  2.640228951711 -5.427587833618
 352  -1.658522321118 -2.423272838693 -5.331916910985
 353  -1.658714413354 -2.433138567712 -5.456049477384
 354  -1.687991932673 -2.376604614682 -5.319362773533
 355  -1.728416987524 -2.326655398075 -5.473967873508
 356   1.654833224480  2.609495670132 -5.354484913650
 357   1.606127313174  2.670948146121 -5.367582334474
 358   1.602631202991  2.681652996644 -5.419199872391
 359   1.644020663213  2.632337933673 -5.431470632502
 360   1.610101961133  2.676894697807 -5.454774217724
 361   0.853934913903  3.164727130207 -5.487227898474
 362   0.958972066933  3.134022199519 -5.378013059028
 363   0.944265781889  3.143029510674 -5.487007053593
 364   0.934435484451  3.139861905578 -5.376997953675
 365   0.855864193073  3.161928772485 -5.440754101821
 366  -2.238704069444 -1.182471190214 -5.476489692030
 367  -2.263964553531 -1.103029884349 -5.404322023585
 368   1.075306637055  3.089125593889 -5.361884989551
 369   1.037978318684  3.112492020531 -5.492672571042
 370   1.084644785103  3.085064397638 -5.360033853457
 371   1.122339586792  3.077387623402 -5.503363783948
 372   2.748907643229 -0.438773603573 -5.460040496970
 373   2.767133917343 -0.587383662329 -5.326188116067
 374   2.774646542811 -0.578320885878 -5.463839830174
 375   2.766931126352 -0.586191661844 -5.326411939838
 376   2.751115409643 -0.466859882432 -5.416171996677
 377   1.311027201952 -2.627624251412 -5.448304738764
 378   1.386088101126 -2.594729010288 -5.355598514639
 379   1.974036105119  2.024821729194 -5.467395530277
 380   1.999381602247  1.941079535194 -5.369200120250
 381   2.005672954687  1.927602516512 -5.376652698610
 382   1.929923368731  2.105490501634 -5.354936123023
 383   1.967347335889  2.041030042201 -5.467657623950
 384  -2.311936574371  2.171779797619 -5.383308076134
 385  -2.387143450537  2.097923224993 -5.388890749740
 386  -2.334516726269  2.152913676806 -5.488672603753
 387  -2.386912649372  2.098369981460 -5.395771286212
 388   2.263945977261  1.256991138509 -5.399628675804
 389   2.249948394944  1.315992509811 -5.468340535095
 390   2.343734207274  1.031382928544 -5.405355486749
 391   2.288349490984  1.207481237806 -5.471352324138
 392   1.171638682616  3.040548084332 -5.334657246028
 393   1.182865786829  3.047402109007 -5.514558502399
 394   1.141270888318  3.057368036541 -5.345073547922
 395   1.143869246780  3.067496129035 -5.506777052793
 396   2.602366474680 -1.801506796206 -5.296597053188
 397   2.597362201840 -1.818473119192 -5.407839899221
 398   2.576832976740 -1.839334326611 -5.306704043403
 399   2.578002893227 -1.838669323236 -5.318459139196
 400   1.302013939007  2.950240812408 -5.348903421430
 401   1.297625746749  2.965432302834 -5.490805164116
 402   1.399788115470  2.872045626764 -5.366068854105
 403   1.399171902002  2.874982378282 -5.395808345103
 404  -0.954837258076  2.830779207224 -5.376854845996
 405  -0.906824554620  2.853944239567 -5.508322379964
 406  -1.065128962914  2.798023056637 -5.501469077560
 407  -1.046528406393  2.798888029938 -5.383287532662
 408  -1.088767712786  2.787431116689 -5.453700738515
 409  -2.354595418852 -0.835752176016 -5.399202560292
 410  -2.356161740887 -0.843094323782 -5.493251138843
 411  -2.331265460493 -0.905883994253 -5.400790071951
 412  -2.310527521832 -0.978887450450 -5.485517958152
 413  -2.305853451005 -0.989151860205 -5.456253019097
 414  -0.725906699743  2.905986338674 -5.373778887825
 415  -0.814926625174  2.884184711903 -5.507992310737
 416  -0.707212429234  2.911926015263 -5.374359025884
 417  -0.638766825280  2.939538618094 -5.500425033598
 418  -0.273226116611  3.037734779053 -5.370699343982
 419  -0.332185717978  3.028280461475 -5.492721012004
 420  -0.185549578525  3.060773656215 -5.366588814117
 421  -0.180657718692  3.068400895930 -5.491605443160
 422  -1.310973437521 -2.817880725825 -5.451629712393
 423  -1.304957444916 -2.820585084655 -5.417179013232
 424  -1.310958828076 -2.817784998248 -5.449431380273
 425  -2.476601580538  1.993832671837 -5.379457199592
 426  -2.464683476971  2.011460341047 -5.479923698334
 427  -2.413832670005  2.067593891678 -5.386794336136
 428  -2.438714215400  2.041898166858 -5.480791436592
 429  -1.194676410027 -2.890769983682 -5.271391070523
 430  -1.210985489417 -2.880088672045 -5.271986696297
 431  -1.216102344478 -2.887337476558 -5.471020847737
 432  -1.225069769423 -2.871230161123 -5.279361533619
 433  -1.184038337537 -2.898092213282 -5.277662684753
 434  -1.185495272295 -2.898172442407 -5.297120782356
 435  -1.222077346497 -2.883336000886 -5.469583275222
 436  -1.230934817853 -2.870849993075 -5.344501885062
 437   0.040616786259  3.120646948400 -5.494540678875
 438   0.175011539949  3.140431389616 -5.328293928397
 439   0.200992831655  3.155414869804 -5.498898749787
 440   0.451055384350  3.194359431133 -5.516682302388
 441   0.346390470392  3.167730460027 -5.295115538973
 442   0.347766013228  3.179998715960 -5.508094775312
 443   0.396823267430  3.173791854443 -5.282555919959
 444   0.449671186497  3.185738512407 -5.368010166608
 445  -1.019815073986 -2.989968684314 -5.451780673554
 446  -1.016085468420 -2.988034888901 -5.343702669758
 447  -1.074327346151 -2.966609919993 -5.458811813135
 448  -1.072901209916 -2.966787439602 -5.445419130370
 449  -2.722454605528  1.390024020174 -5.361861703127
 450  -2.736167048894  1.325555299401 -5.481324314068
 451  -2.738330102781  1.271256430363 -5.360041720653
 452  -2.738107700043  1.311135361947 -5.481414419353
 453   2.618840138538  0.098923128199 -5.402971378787
 454   2.678860434759 -0.121116829481 -5.460100142114
 455   2.661865913555 -0.078939401266 -5.390660372951
 456   2.687106087981 -0.154564000402 -5.459432472882
 457   2.131234517723 -2.243615065745 -5.217895993846
 458   2.102938817653 -2.271031272201 -5.459700205867
 459   2.094480013979 -2.275647023511 -5.458996529787
 460   2.683973821363 -1.651915523764 -5.234368297067
 461   2.690239326439 -1.661818314212 -5.463919861291
 462   2.669014603245 -1.683381252068 -5.249993913714
 463  -2.496195076675  1.968058713655 -5.374445558955
 464  -2.491907076788  1.975807750709 -5.480866441679
 465  -2.525593243630  1.927431491566 -5.364990021091
 466  -2.535620445012  1.915692355424 -5.483798711417
 467   0.019878031918 -3.009947399106 -5.328999694993
 468   0.017667884675 -3.016426000215 -5.451292597248
 469  -0.095143579061 -3.032029499127 -5.312857514785
 470  -0.060414946194 -3.032067040116 -5.453507996355
 471   1.508150586523 -2.549289242090 -5.443619163980
 472   1.501566236292 -2.547108299242 -5.338891186136
 473   1.674187858144 -2.474898646363 -5.323796593505
 474   1.671112307720 -2.478465143539 -5.372713102133
 475   1.501215720523 -2.552165415629 -5.443697214635
 476   1.474116819578 -2.561547371005 -5.404377800668
 477   0.577112006311  3.192401699319 -5.322663190472
 478   0.581184442422  3.199142966973 -5.450590474739
 479  -0.053582315107  3.099485160353 -5.492513796738
 480  -0.143845604510  3.070977834079 -5.363563988653
 481  -0.085592528737  3.092036001989 -5.492010788824
 482   0.026560627652  3.109482750375 -5.346681124606
 483   0.011783819606  3.109844428990 -5.411054867279
 484  -2.506599398211 -0.302012445887 -5.407480145374
 485  -2.531132464062 -0.219845926953 -5.483659813550
 486  -2.497333755607 -0.338156143480 -5.407801191256
 487  -2.480486301166 -0.418111663167 -5.489419937194
 488   0.718735714980  3.180505279965 -5.355062108075
 489   0.701087048037  3.188650485821 -5.469157461758
 490   0.724408671749  3.181722947494 -5.389013342495
 491   0.639114072365  3.188385050892 -5.338297191774
 492   0.638543816270  3.189552091039 -5.358625632857
 493   1.924580826756 -2.357798278164 -5.281579304594
 494   1.917328311453 -2.369186424864 -5.446515582432
 495   1.991388873710 -2.330927905975 -5.451122570916
 496   2.006609986389 -2.314146626320 -5.259050770323
 497   2.010354301388 -2.314043421416 -5.298913091743
 498  -2.580314194273  1.841974910933 -5.492858525735
 499  -2.556960960758  1.880100497373 -5.350959415459
 500  -2.555988078051  1.882453819863 -5.383584612252
 501  -2.590793287613  1.820314009522 -5.327178279286
 502  -2.604621409615  1.799481227627 -5.498973844351
 503   1.515924811699  2.774737683603 -5.477955801862
 504   1.433349134614  2.851502358505 -5.484742357734
 505   1.484648043507  2.798378985339 -5.395252483428
 506  -1.592821951056 -2.516628624251 -5.349273960045
 507  -1.587023640186 -2.529360998701 -5.405842655542
 508  -1.520293609293 -2.604734076496 -5.353560999877
 509  -1.520461231406 -2.605644971498 -5.364566675288
 510   2.641086695066 -1.737644028846 -5.274491324294
 511   2.624631400001 -1.777348742569 -5.440188329283
 512   2.645138785031 -1.730722211745 -5.271929135004
 513   2.664969591666 -1.711240695287 -5.452153885864
 514   2.662259120445 -1.712760407466 -5.412213159070
 515   2.295101413458 -2.131470389151 -5.287586813126
 516   2.448040330167 -1.989675649421 -5.315479669423
 517   2.415417029325 -2.024793715433 -5.384013070004
 518   0.536417806401  2.653539315638 -5.919371011888
 519   0.536569620912  2.653446861153 -5.919411752808
 520   1.318627052926  2.177093536351 -5.910093243791
 521   1.418640833268  0.503995452627 -6.152628284364
 522   0.734638277109  2.070984760522 -6.145759832413
 523   0.721466220384  2.044789682636 -6.155056639665
 524   2.285848935213 -0.939985489075 -5.894796142379
 525   1.439591121167  0.435238168282 -6.152521132854
 526   1.668779928224 -1.159347163312 -6.150066765039
 527   1.852185328357 -1.815471054164 -5.863639752049
 528   1.664287284386 -1.167351110528 -6.150055119014
 529   0.592849126220 -1.768465584780 -6.149268091000
 530  -0.420540241028 -2.559802118944 -5.875634767819
 531  -0.439962514362 -2.550503023443 -5.880127592393
 532  -0.424133416918 -2.561216433334 -5.875211198341
 533   0.562040924490 -1.778843189475 -6.149255973245
 534  -0.666912590107 -1.900748080749 -6.149217119268
 535  -1.343284167327 -2.031795939003 -5.885049447908
 536  -0.678246831053 -1.894337928006 -6.149228228600
 537  -2.269475339613  1.025829375581 -5.898804258947
 538  -2.269444747137  1.025898344331 -5.898821296073
 539  -1.413058023378 -0.342507811564 -6.151465407757
 540  -1.412564476239 -0.342309342981 -6.151678116396
 541  -1.859104538251  1.891654985587 -5.907615631131
 542  -0.553095300010  1.909458838929 -6.154850235037
 543  -0.553021937214  1.909061481500 -6.155002181221
 544  -1.701363531460  1.291591816443 -6.146185155288
 545  -1.679712409846  1.280644281035 -6.154180192534
 546   0.077495172507  0.045707463635 -2.917448398546
 547   0.070185714252  0.023214518227 -2.917448398546
 548   0.058953637518  0.057343412394 -2.917448398546
 549   0.052183652540  0.036363238238 -2.917448398546
# facets:  num_of_sides   plane_coeff
#          vertex_inds
   0  12    0.792755746814  0.266448791877  0.548218357227  0.830495608079
    16 18 20 24 21 180 182 203 390 388 331 329 (16)
   1  10    0.256257724244 -0.808676955370  0.529503126166  0.357593476653
    1 31 33 34 36 39 38 122 121 2 (1)
   2   7   -0.804147186373 -0.233947275919  0.546457660518  0.857591693398
    55 125 124 49 51 53 57 (55)
   3   7   -0.258580173319  0.775820468246  0.575533574188  0.646506813104
    6 119 118 67 74 71 8 (6)
   4  10    0.290935335260  0.463596721701  0.836919775322  2.397934343932
    11 12 73 75 70 66 548 546 27 15 (11)
   5   8    0.522879060995 -0.169918283250  0.835299505920  2.404189136573
    29 30 28 27 546 547 44 32 (29)
   6   7   -0.319326898153 -0.437194078346  0.840768499633  2.485460149129
    45 46 44 547 549 61 47 (45)
   7   7   -0.533936195966  0.172293137276  0.827784521168  2.436616230154
    62 63 61 549 548 66 65 (62)
   8   8    0.507315125610  0.153256939262 -0.848023392304 -6.014511462290
    92 524 525 521 520 89 91 94 (92)
   9   7    0.171896888617 -0.511296949491 -0.842037344258 -6.184033351471
    76 78 79 530 533 529 527 (76)
  10   7   -0.499248333519 -0.155063137487 -0.852470835202 -6.002522053082
    80 81 82 83 537 539 535 (80)
  11   6   -0.166616788945  0.510865247444 -0.843359676885 -6.258383630598
    85 87 88 518 542 541 (85)
  12  19    0.205651544226  0.756076984269  0.621333273063  0.774762316863
    9 110 392 394 370 368 257 259 362 364 265 488 491 477 232 307 306 7 10 (9)
  13  14    0.562882331918  0.573071541285  0.595611021543  0.762286139268
    13 14 115 147 149 356 357 202 200 214 402 400 144 111 (13)
  14  11    0.790565777940  0.287058121443  0.540928262955  0.766506777779
    16 329 333 380 382 194 318 316 115 14 17 (16)
  15  15    0.831284566080  0.235927761535  0.503293216260  0.518938742193
    0 342 345 169 373 375 295 455 453 207 209 184 180 21 22 (0)
  16  11    0.813796443725 -0.104560626459  0.571666356869  0.630206470268
    0 98 156 158 129 228 230 198 196 343 342 (0)
  17  17    0.622526567543 -0.564912894818  0.541603262519  0.230917556003
    1 2 106 253 255 142 515 516 278 340 398 396 510 512 462 460 99 (1)
  18  13    0.297823327551 -0.815648615118  0.496002623202  0.123357223449
    2 121 284 286 174 213 472 473 226 493 496 457 106 (2)
  19  16    0.230609511762 -0.830230235829  0.507481042602  0.200832919016
    3 96 235 237 222 469 467 312 314 178 241 239 122 38 42 40 (3)
  20  14   -0.215182426455 -0.796547104439  0.564986047398  0.418554576383
    3 429 433 173 133 140 263 261 165 167 220 304 301 96 (3)
  21  12   -0.631667242077 -0.546731397708  0.549619208222  0.558010384294
    4 108 134 354 352 506 508 151 267 268 432 430 (4)
  22  14   -0.817999190812 -0.283444725824  0.500536123805  0.539549227470
    4 48 49 124 409 411 152 288 289 153 243 245 131 108 (4)
  23  14   -0.823799399889 -0.215841705490  0.524182131433  0.704382506876
    5 101 191 327 324 216 218 484 486 337 335 125 55 56 (5)
  24  12   -0.791205703914  0.114963612048  0.600647069417  0.906762723868
    5 104 161 163 189 187 449 451 176 138 136 101 (5)
  25  18   -0.596719807244  0.564521738823  0.570298762087  0.464498677039
    64 69 68 113 297 299 282 280 384 385 427 425 463 465 499 501 247 105 (64)
  26  15   -0.310458458802  0.784254242901  0.537178580967  0.371843348705
    67 118 404 407 224 347 349 272 270 308 310 251 249 113 68 (67)
  27  15   -0.234985170966  0.794301198562  0.560238855658  0.531793992916
    7 306 443 441 275 438 482 480 420 418 205 416 414 119 6 (7)
  28   3   -0.018892931352  0.521436617011  0.853080835317  2.406367502525
    8 71 72 (8)
  29   7    0.083658666944  0.523054954357  0.848183200828  2.397069964197
    6 8 72 73 12 10 7 (6)
  30   4    0.226628089984  0.495031895843  0.838798623585  2.386376662310
    10 12 11 9 (10)
  31   8    0.336821535636  0.446303906983  0.829074228127  2.365301991753
    13 15 27 28 23 19 17 14 (13)
  32   4    0.470808125340  0.356104240282  0.807173760207  2.260318772615
    17 19 18 16 (17)
  33   5    0.538952246024  0.271202958128  0.797483186035  2.218641669629
    18 19 23 25 20 (18)
  34   8    0.588625199979 -0.017373291116  0.808219365460  2.275705935233
    21 24 25 23 28 30 26 22 (21)
  35   3    0.556380175733 -0.116830047522  0.822673592652  2.345387078747
    26 30 29 (26)
  36   7    0.497622874630 -0.216493879465  0.839941590111  2.411165654286
    32 44 46 41 35 33 31 (32)
  37   4    0.394868235307 -0.331331079930  0.856912359706  2.447175953725
    33 35 37 34 (33)
  38   3    0.267645991814 -0.416249784380  0.868965902708  2.481238150724
    34 37 36 (34)
  39   6   -0.010677798747 -0.498150025812  0.867025107132  2.500848734404
    36 37 35 41 43 39 (36)
  40   4   -0.145106436889 -0.496924923003  0.855575679220  2.487524512858
    38 39 43 42 (38)
  41   6   -0.260468125468 -0.468238985556  0.844339154618  2.479551646433
    42 43 41 46 45 40 (42)
  42   8   -0.382584262166 -0.411101825183  0.827420432232  2.433568658536
    47 61 63 60 58 54 52 50 (47)
  43   5   -0.486522332128 -0.324075244239  0.811339174705  2.365330662869
    48 50 52 51 49 (48)
  44   6   -0.588569897314  0.015675910080  0.808294341078  2.355456839396
    55 57 58 60 59 56 (55)
  45   4   -0.558453858489  0.123238192468  0.820330199283  2.405834704688
    59 60 63 62 (59)
  46   5   -0.510365263790  0.224105654432  0.830243309619  2.428763919809
    64 65 66 70 69 (64)
  47   6   -0.400785639730  0.354344204098  0.844873396438  2.428673270190
    68 69 70 75 74 67 (68)
  48   5   -0.287192668463  0.433661683760  0.854083084494  2.431104773726
    74 75 73 72 71 (74)
  49  11    0.620582889972 -0.095198443825 -0.778340627853 -6.098983549494
    77 93 103 197 199 231 229 130 159 157 100 (77)
  50  16    0.453813104067 -0.419233936183 -0.786318366395 -6.213937031945
    76 77 100 461 513 511 127 339 341 279 277 143 256 254 107 78 (76)
  51  16    0.244135479862 -0.567302634305 -0.786489407801 -6.095760382360
    78 107 458 459 495 494 227 225 471 475 377 175 287 285 123 79 (78)
  52  15    0.142035368081 -0.597258890419 -0.789371757811 -6.107193130254
    97 532 530 79 123 240 242 179 315 313 468 470 223 238 236 (97)
  53  13   -0.147229575808 -0.583901447871 -0.798362418443 -6.248490787963
    171 531 532 97 302 303 168 166 262 264 141 445 447 (171)
  54  14   -0.477964016072 -0.440725953306 -0.759809866626 -6.010713343022
    80 117 431 435 422 186 320 321 128 353 355 135 109 81 (80)
  55  12   -0.583818491981 -0.240358992957 -0.775489215222 -5.838173111739
    81 109 132 246 244 154 155 366 412 410 126 82 (81)
  56  14   -0.609425350285 -0.132967313554 -0.781613994217 -5.857873860629
    82 126 336 338 487 485 219 217 325 326 193 192 102 83 (82)
  57  14   -0.631376194849  0.089784409876 -0.770261553189 -6.068618319803
    84 538 537 83 102 137 139 177 452 450 188 190 164 160 (84)
  58  19   -0.481679620735  0.388571212991 -0.785491664758 -6.273217775572
    84 160 162 248 502 498 221 466 464 426 428 212 211 281 283 300 298 114 86 (84)
  59  14   -0.232583453027  0.561048026639 -0.794436938456 -6.188126937515
    85 86 114 250 252 311 309 271 350 348 406 405 120 87 (85)
  60  16   -0.147082414429  0.577827215523 -0.802796656923 -6.208219610162
    87 120 415 417 206 419 421 481 479 437 439 276 442 440 95 88 (87)
  61  18    0.142664001799  0.585814277594 -0.797789831195 -6.353422728509
    90 519 518 88 95 233 234 292 291 361 363 260 258 369 371 395 393 112 (90)
  62  15    0.455000241677  0.420025042215 -0.785209363155 -6.156547654948
    90 112 145 146 215 504 503 201 274 273 150 148 116 91 89 (90)
  63  15    0.582826854029  0.227905642389 -0.779981971837 -5.876459496317
    91 116 317 319 195 383 379 330 332 389 391 204 183 181 94 (91)
  64  17    0.599825292274  0.132120646878 -0.789147485212 -5.899670505538
    294 372 374 170 346 344 103 93 92 94 181 185 210 208 454 456 296 (294)
  65   6   -0.037408039133  0.350886162992 -0.935670636084 -6.449605530426
    518 519 522 523 543 542 (518)
  66   4    0.345391557159  0.154823100968 -0.925599524444 -6.262886519386
    520 521 523 522 (520)
  67   3    0.366167897203  0.051198974722 -0.929139244702 -6.265964640039
    524 526 525 (524)
  68   3    0.194918515168 -0.348626870650 -0.916769369856 -6.369552526935
    527 529 528 (527)
  69   5    0.036807861574 -0.371364901177 -0.927757129587 -6.386303520652
    530 532 531 534 533 (530)
  70   4   -0.335619217291 -0.160258169426 -0.928265619377 -6.239332949496
    535 539 540 536 (535)
  71   6   -0.373558220425 -0.062916711201 -0.925470552424 -6.242408994771
    537 538 544 545 540 539 (537)
  72   5   -0.180326647566  0.322092360747 -0.929375495333 -6.434926912305
    541 542 543 545 544 (541)
  73  12    0.000119361004 -0.001522031277 -0.999998834586 -6.152023347558
    521 525 526 528 529 533 534 536 540 545 543 523 (521)
  74   4    0.000000000000  0.000000000000  1.000000000000  2.917448398546
    548 549 547 546 (548)
  75   6   -0.093956591835  0.993956918954  0.056760920654 -2.819544065121
    95 440 444 307 232 233 (95)
  76   6    0.070550141327 -0.996417478856  0.046635666484 -2.783130805604
    97 236 235 96 301 302 (97)
  77   7    0.916939202629 -0.396795025569  0.042145063355 -2.895909894626
    100 157 156 98 99 460 461 (100)
  78   6   -0.995676605634 -0.078361448309  0.049875649494 -2.386559495262
    102 192 191 101 136 137 (102)
  79   5    0.997936059970  0.039209014583  0.050855416493 -2.488245892600
    103 344 343 196 197 (103)
  80   6   -0.920407895481  0.389742394622  0.030824856368 -2.932562898131
    105 247 248 162 161 104 (105)
  81   6    0.508673803282 -0.860120428265  0.037997509600 -2.815615265907
    107 254 253 106 457 458 (107)
  82   6   -0.878988454393 -0.474276435572  0.049408093525 -2.356314328945
    109 135 134 108 131 132 (109)
  83   7    0.534677321573  0.842516645242  0.065466512702 -2.838919598026
    112 393 392 110 111 144 145 (112)
  84   6   -0.522417821615  0.852508403588  0.017579575415 -2.992460556369
    114 298 297 113 249 250 (114)
  85   6    0.874422890273  0.480718051912  0.065534445397 -2.363012072106
    116 148 147 115 316 317 (116)
  86   4   -0.515425509546 -0.856118915167  0.037375756891 -2.894230853562
    117 172 434 431 (117)
  87   7   -0.312308638650  0.948497088305  0.053071533807 -2.697831826153
    119 414 415 120 405 404 118 (119)
  88   5    0.179420422208  0.982412726911  0.051706344862 -2.978557074653
    291 293 266 365 361 (291)
  89   4   -0.987274697068  0.156368950341  0.028938277389 -2.750004101652
    188 450 449 187 (188)
  90   5    0.678395061201 -0.733883642597  0.034567905142 -2.938455917739
    143 277 517 515 142 (143)
  91   7    0.308795081960 -0.950373540106  0.037891049384 -2.708527640925
    122 239 240 123 285 284 121 (122)
  92   4   -0.195005610581 -0.980359407258  0.029465987902 -2.986450110276
    165 261 262 166 (165)
  93   5    0.694749257632  0.716925618699  0.057802476351 -2.725828757410
    201 503 505 214 200 (201)
  94   4   -0.411298725598  0.910925702462  0.032368548237 -2.832588447867
    271 309 308 270 (271)
  95   4   -0.794885732219  0.606637612740  0.012144114737 -3.112820407555
    426 464 463 425 (426)
  96   7   -0.955651812684 -0.291944116345  0.038707180797 -2.285178401015
    126 410 409 124 125 335 336 (126)
  97   4   -0.977968383945 -0.202527516080  0.050600842237 -2.254518991857
    216 324 325 217 (216)
  98   3    0.389818966934 -0.920588727130  0.023612888445 -2.806213070023
    225 474 471 (225)
  99   3    0.977998558414  0.194536008548  0.075329682849 -2.191767327816
    294 376 372 (294)
 100   6   -0.689351052844 -0.722626139607  0.051054757855 -2.666039676899
    151 322 320 186 269 267 (151)
 101   4    0.985352281712 -0.164007588701  0.046716076184 -2.710848410030
    129 130 229 228 (129)
 102   3   -0.217860779346  0.974653099363  0.050872553754 -2.753178099525
    437 479 483 (437)
 103   4    0.210229858811 -0.976476355137  0.047930515561 -2.687899718470
    312 467 468 313 (312)
 104   4   -0.919333184691 -0.389287313393  0.057287722570 -2.220105565452
    154 244 243 153 (154)
 105   4    0.923972929146  0.374247566046  0.078821225024 -2.150793712725
    330 379 381 334 (330)
 106   4    0.949093231531  0.308379084486  0.064221321335 -2.195703713913
    183 204 203 182 (183)
 107   4    0.784958910700 -0.618811708956  0.030192339613 -3.000839724419
    127 397 399 339 (127)
 108   5   -0.812693371109 -0.580759259644  0.047414838333 -2.502396257584
    352 353 128 507 506 (352)
 109   5   -0.684457564147  0.728873275108  0.016173797193 -3.078306197008
    280 281 211 386 384 (280)
 110   4    0.966859336979  0.248247284351  0.059634791091 -2.234402368490
    207 453 454 208 (207)
 111   4    0.367440530572  0.928048843242  0.060932758427 -2.935256232507
    257 368 369 258 (257)
 112   5   -0.323789556849 -0.945711906387  0.028094714688 -3.004688232790
    133 446 445 141 140 (133)
 113   6   -0.936895599993 -0.345639034856  0.052538483972 -2.218413727369
    152 367 366 155 290 288 (152)
 114   5    0.807527032375  0.586702731534  0.060662977130 -2.542501804575
    149 150 273 359 356 (149)
 115   4   -0.970545000425 -0.233007239334  0.061237476823 -2.171998160191
    219 485 484 218 (219)
 116   5   -0.360666962518  0.932267157493  0.028236310098 -2.837320642488
    224 408 406 348 347 (224)
 117   4    0.636555200754  0.769463057285  0.052192718515 -2.821220975285
    146 401 403 215 (146)
 118   4   -0.271006924757  0.960918072369  0.056495176150 -2.689641812395
    205 418 419 206 (205)
 119   4   -0.957303764134  0.286294532490  0.040061750358 -2.805664280423
    163 164 190 189 (163)
 120   4    0.997532041927 -0.047042416929  0.052123280194 -2.569304927040
    198 230 231 199 (198)
 121   4   -0.998173533712  0.047072668914  0.037865029226 -2.593487315357
    138 176 177 139 (138)
 122   5    0.094012626044  0.994549698970  0.045083505006 -2.990613627456
    234 478 492 489 292 (234)
 123   4    0.932956731838  0.344185909676  0.105488369496 -1.975204253573
    331 388 389 332 (331)
 124   4    0.263523272211 -0.963278846325  0.051471829443 -2.643434225379
    179 242 241 178 (179)
 125   3   -0.860738028692  0.509039051155  0.003048009526 -3.141869428788
    221 498 500 (221)
 126   5    0.353105812622 -0.934467418207  0.045682922429 -2.669466093003
    174 175 377 378 213 (174)
 127   5    0.847743574456 -0.528700880546  0.042499539748 -2.933494749763
    127 511 510 396 397 (127)
 128   4    0.432469083633 -0.900614834656  0.043167248005 -2.727798569263
    227 494 493 226 (227)
 129   5   -0.764701314106 -0.642798609634  0.045186808437 -2.595196019879
    128 321 323 509 507 (128)
 130   4    0.993130275387  0.101754184219  0.057778387859 -2.385447889586
    169 345 346 170 (169)
 131   4   -0.593414935675 -0.803419615407  0.048740493402 -2.776458644217
    268 423 436 432 (268)
 132   4    0.967436653196 -0.248395513961  0.048641450403 -2.769956696352
    129 158 159 130 (129)
 133   4   -0.903904112325 -0.425344988901  0.045155244854 -2.321319807204
    131 245 246 132 (131)
 134   4    0.140763531494 -0.989056123968  0.044199681486 -2.752381920797
    222 237 238 223 (222)
 135   4    0.956444954784  0.277872946351  0.089440897552 -2.053979005202
    184 209 210 185 (184)
 136   5   -0.031390508546 -0.998862177981  0.035902442424 -2.902810927169
    168 303 305 220 167 (168)
 137   4    0.898632125489  0.431517000252  0.079078325302 -2.220307464592
    195 319 318 194 (195)
 138   4   -0.156190765726  0.986149683675  0.055796470225 -2.774304641806
    275 441 442 276 (275)
 139   4   -0.446892651116  0.894372587749  0.019612054001 -2.926709894019
    251 310 311 252 (251)
 140   4   -0.612816867527  0.790038745122  0.017154243768 -3.046788886038
    282 299 300 283 (282)
 141   4   -0.418252310623 -0.907259396529  0.044106598922 -2.900210274653
    133 173 448 446 (133)
 142   5   -0.749992565145  0.661207389566  0.017774707053 -3.081716224524
    212 428 427 385 387 (212)
 143   4    0.968413050626  0.224466092596  0.108587000383 -1.974710830767
    295 296 456 455 (295)
 144   4   -0.847413294260 -0.528494899120  0.050831587776 -2.416058564699
    134 135 355 354 (134)
 145   4    0.256026815350  0.965609860490  0.045253366135 -3.028392109116
    260 363 362 259 (260)
 146   4   -0.997936882674 -0.031361429970  0.056021771740 -2.405820029936
    136 138 139 137 (136)
 147   4   -0.263687380853 -0.963878726489  0.037506876713 -2.950412602930
    141 264 263 140 (141)
 148   3   -0.988974743024 -0.140751949271  0.046020065583 -2.344569857198
    193 326 328 (193)
 149   3    0.747330574163  0.658860528824  0.086022185975 -2.498359189333
    202 357 358 (202)
 150   4    0.643220190208 -0.765202844779  0.027062765019 -2.964471300482
    142 255 256 143 (142)
 151   5    0.586413718832  0.807129240517  0.068274002876 -2.779553414627
    144 400 401 146 145 (144)
 152   4    0.739041696065 -0.672476201763  0.039914026846 -2.936010187779
    278 279 341 340 (278)
 153   4    0.846285942508  0.527791818753  0.072359516101 -2.393378515104
    147 148 150 149 (147)
 154   4   -0.965318605428 -0.255949590469  0.051476180447 -2.218900714745
    337 486 487 338 (337)
 155   5   -0.732661931565 -0.677265723139  0.067213349098 -2.518127595832
    151 508 509 323 322 (151)
 156   3    0.474505631751 -0.879413229439  0.038428860563 -2.785293643773
    459 497 495 (459)
 157   4    0.424923067898  0.903007484553  0.063386664279 -2.906972164667
    370 394 395 371 (370)
 158   4   -0.944767962326 -0.323466372561  0.052754176944 -2.210613693238
    152 411 413 367 (152)
 159   5   -0.928490010743 -0.367615201142  0.052586726832 -2.229519650531
    153 289 290 155 154 (153)
 160   4    0.934334188790 -0.353055469419  0.048697630036 -2.837751826385
    156 157 159 158 (156)
 161   3   -0.389548793279  0.919950690395  0.044073403504 -2.758126715360
    272 349 351 (272)
 162   4    0.924274360825  0.357574782692  0.133630762570 -1.824567938989
    334 381 380 333 (334)
 163   5   -0.943109996968  0.331196657443  0.029194309677 -2.899929553516
    161 162 160 164 163 (161)
 164   4   -0.148613706369 -0.988495875833  0.028104621323 -2.985786923763
    165 166 168 167 (165)
 165   4    0.985658877926  0.156113029731  0.064072601900 -2.294489138090
    170 374 373 169 (170)
 166   7   -0.481374770359 -0.875617456695  0.039653499128 -2.898308523219
    173 433 434 172 171 447 448 (173)
 167   4    0.338563195930 -0.940395453497  0.032114691399 -2.741267434568
    174 286 287 175 (174)
 168   4   -0.992396745882  0.117457895213  0.036774197669 -2.669717753991
    176 451 452 177 (176)
 169   4    0.248482132330 -0.967774009468  0.040866814294 -2.707632860620
    178 314 315 179 (178)
 170   3    0.882751737358 -0.467392985692  0.047887024523 -2.891471280220
    462 512 514 (462)
 171   6    0.950721675562  0.292480177569  0.102876826088 -1.975827955999
    181 183 182 180 184 185 (181)
 172   4   -0.654946067106 -0.754758503991  0.037218944569 -2.782532433960
    186 422 424 269 (186)
 173   4   -0.977108050798  0.210365859328  0.031718485069 -2.786720116305
    187 189 190 188 (187)
 174   5   -0.992361732883 -0.109557755276  0.056703521658 -2.316374236401
    191 192 193 328 327 (191)
 175   4    0.909348545221  0.410586611798  0.067110785397 -2.260085250016
    194 382 383 195 (194)
 176   4    0.998486728848  0.015685482961  0.052708803228 -2.501723172464
    196 198 199 197 (196)
 177   4   -0.240776950247  0.969306356569  0.049715664986 -2.744699891027
    420 480 481 421 (420)
 178   6    0.716932751165  0.694756169474  0.057630680066 -2.699761587213
    200 202 358 360 274 201 (200)
 179   4    0.943753104191  0.323118908959  0.070172993410 -2.165855785150
    203 204 391 390 (203)
 180   4   -0.286103303668  0.956664338468  0.054205563672 -2.696751427088
    206 417 416 205 (206)
 181   4    0.217626629014  0.973605570998  0.068781119985 -2.890509146533
    265 364 365 266 (265)
 182   4    0.961025841683  0.262906919887  0.085494345391 -2.080866024123
    207 208 210 209 (207)
 183   4   -0.718121746177  0.695908385798  0.003560371379 -3.155156196688
    211 212 387 386 (211)
 184   4    0.375001572952 -0.925834482919  0.046950298423 -2.670627861233
    213 378 476 472 (213)
 185   6    0.665995661180  0.743568680634  0.059627145418 -2.747852620998
    214 505 504 215 403 402 (214)
 186   4   -0.973955125271 -0.217704763652  0.063372311311 -2.170016819730
    216 217 219 218 (216)
 187   3    0.007842882406 -0.998566269673  0.052951810807 -2.788117828385
    220 305 304 (220)
 188   5   -0.831372564001  0.555505387417  0.015278232152 -3.088439944988
    465 466 221 500 499 (465)
 189   4    0.171772468267 -0.984211865186  0.042675796109 -2.741085937163
    223 470 469 222 (223)
 190   3   -0.338313417652  0.939701667641  0.050048049599 -2.714751309668
    224 407 408 (224)
 191   5    0.403999835910 -0.913829590889  0.041226343519 -2.718526570283
    225 227 226 473 474 (225)
 192   4    0.992737067215 -0.109599192571  0.049609801100 -2.645621198237
    228 229 231 230 (228)
 193   5   -0.007843122357  0.998596820464  0.052372469786 -2.904634809378
    232 477 478 234 233 (232)
 194   4    0.109601988487 -0.992762392296  0.049094160158 -2.745180783854
    235 236 238 237 (235)
 195   4    0.286254568565 -0.957170133862  0.043401115400 -2.681913035169
    239 241 242 240 (239)
 196   4   -0.913074150283 -0.403665859112  0.057874608179 -2.229297332737
    243 244 246 245 (243)
 197   4   -0.887306461031  0.460918799743  0.015527532210 -3.055126639396
    247 501 502 248 (247)
 198   4   -0.488507615650  0.872293113523  0.021564636633 -2.946912357299
    249 251 252 250 (249)
 199   4    0.581032132911 -0.813075220027  0.036198716859 -2.880974930271
    253 254 256 255 (253)
 200   4    0.323557318016  0.945033592262  0.047139913602 -3.018686906708
    257 258 260 259 (257)
 201   4   -0.225663709154 -0.973579922339  0.034900217625 -2.960399315877
    261 263 264 262 (261)
 202   5    0.171577422001  0.983094300477  0.063927964382 -2.907717214738
    265 266 293 490 488 (265)
 203   5   -0.642544708519 -0.764399262246  0.053198359290 -2.706361623405
    267 269 424 423 268 (267)
 204   5   -0.396985984347  0.917380482327  0.028551337585 -2.846441055425
    270 272 351 350 271 (270)
 205   4    0.779050543528  0.624137176967  0.059439338468 -2.600872136685
    273 274 360 359 (273)
 206   4   -0.187069803670  0.980654253318  0.057637869533 -2.739826514783
    276 439 438 275 (276)
 207   5    0.701189595761 -0.712291276843  0.031213582460 -2.967853855367
    278 516 517 277 279 (278)
 208   4   -0.643391190105  0.765406273728  0.014177892412 -3.075848561743
    280 282 283 281 (280)
 209   4    0.323559765246 -0.945040740035  0.046979548622 -2.658025097089
    284 285 287 286 (284)
 210   3   -0.932693516826 -0.352435511146  0.076629068597 -2.086849860729
    288 290 289 (288)
 211   5    0.140761463049  0.989041590316  0.044530249788 -3.008851038163
    291 292 489 490 293 (291)
 212   5    0.974642955565  0.201838852970  0.096603243211 -2.063905010123
    294 296 295 375 376 (294)
 213   4   -0.581343059170  0.813510318917  0.015530890857 -3.039954608138
    297 298 300 299 (297)
 214   5    0.039217135046 -0.998142739531  0.046616390248 -2.803334359922
    301 304 305 303 302 (301)
 215   4   -0.125099261176  0.990262619145  0.061074708161 -2.770614575677
    306 307 444 443 (306)
 216   4   -0.432745473598  0.901190415460  0.024232006990 -2.890756381790
    308 309 311 310 (308)
 217   4    0.233158862795 -0.971176557592  0.049528160524 -2.666670056751
    312 313 315 314 (312)
 218   4    0.885286962712  0.459869754367  0.069186723222 -2.313490447906
    316 318 319 317 (316)
 219   4   -0.722873198441 -0.689586735250  0.043868821981 -2.662680390367
    322 323 321 320 (322)
 220   5   -0.985238930301 -0.163988721853  0.049111600713 -2.302939888054
    324 327 328 326 325 (324)
 221   6    0.929840513151  0.351357450893  0.109291178990 -1.957856338212
    329 331 332 330 334 333 (329)
 222   4   -0.961577996275 -0.271193042547  0.042685955004 -2.264906036304
    335 337 338 336 (335)
 223   5    0.774829960247 -0.630810762930  0.041428421114 -2.937030912945
    339 399 398 340 341 (339)
 224   5    0.996076314869  0.070525985621  0.053460829670 -2.441567437814
    342 343 344 346 345 (342)
 225   5   -0.375176263767  0.926265773858  0.035699961985 -2.799274108125
    348 350 351 349 347 (348)
 226   4   -0.839266272102 -0.541907367573  0.044368113351 -2.468564156684
    352 354 355 353 (352)
 227   5    0.773122770555  0.629420892008  0.078169830198 -2.503301163202
    359 360 358 357 356 (359)
 228   5    0.233167222516  0.971211378338  0.048800665268 -3.004948258354
    362 363 361 365 364 (362)
 229   4   -0.942951807083 -0.331141105110  0.034459512844 -2.313837697611
    367 413 412 366 (367)
 230   4    0.389376489305  0.919543780754  0.053152467986 -2.974287930842
    368 370 371 369 (368)
 231   5    0.981624046984  0.179276383678  0.065377432183 -2.262768673324
    373 374 372 376 375 (373)
 232   4    0.367937880646 -0.929305006137  0.031842134882 -2.750755286871
    377 475 476 378 (377)
 233   5    0.920331610744  0.381213835051  0.087554201679 -2.109964434056
    380 381 379 383 382 (380)
 234   4   -0.701350116646  0.712454339198  0.022733861054 -3.046387548896
    386 387 385 384 (386)
 235   4    0.939518140089  0.329935287088  0.091915019330 -2.045437071859
    388 390 391 389 (388)
 236   4    0.467007694253  0.882024048456  0.062748637066 -2.894258339133
    392 393 395 394 (392)
 237   4    0.821626062512 -0.567860717384  0.049646944043 -2.898217203953
    396 398 399 397 (396)
 238   4    0.630083836262  0.773937070343  0.063370106747 -2.764718087923
    400 402 403 401 (400)
 239   5   -0.330999286925  0.942547968017  0.045197345514 -2.741176074973
    404 405 406 408 407 (404)
 240   5   -0.947822989482 -0.316217671930  0.040471774969 -2.277503965296
    410 412 413 411 409 (410)
 241   4   -0.301231457290  0.952485019926  0.045076556612 -2.744342940458
    414 416 417 415 (414)
 242   4   -0.255982956505  0.965444446045  0.048885044537 -2.740158523496
    418 420 421 419 (418)
 243   5   -0.587335650356 -0.808398170398  0.039105395012 -2.834762926319
    423 424 422 435 436 (423)
 244   4   -0.760191673651  0.649265025715  0.023739117379 -3.049514155535
    425 427 428 426 (425)
 245   8   -0.548478693530 -0.834979011033  0.044510379438 -2.834355201945
    431 434 433 429 430 432 436 435 (431)
 246   5   -0.210167755643  0.976187898132  0.053728037636 -2.742590558174
    437 483 482 438 439 (437)
 247   5   -0.132911379386  0.989536583610  0.056141917741 -2.791268000964
    440 442 441 443 444 (440)
 248   4   -0.396967792655 -0.917338443808  0.030112308242 -2.983481258629
    445 446 448 447 (445)
 249   4   -0.990229944049  0.133004509335  0.041886255572 -2.656147224837
    449 450 452 451 (449)
 250   4    0.966504899606  0.240081064720  0.090715827724 -2.064736374332
    453 455 456 454 (453)
 251   5    0.481309262600 -0.875498298523  0.042943253479 -2.765990656460
    457 496 497 459 458 (457)
 252   5    0.893691759674 -0.446552460608  0.043657056888 -2.907795114670
    460 462 514 513 461 (460)
 253   4   -0.808974896164  0.587754666151  0.010201460429 -3.121267651468
    463 464 466 465 (463)
 254   4    0.194861912383 -0.979636987633  0.048375691860 -2.694735227140
    467 469 470 468 (467)
 255   6    0.382325202603 -0.923014689359  0.043258787334 -2.694151032682
    471 474 473 472 476 475 (471)
 256   4    0.078340560356  0.995411199026  0.054948170637 -2.930493076023
    477 491 492 478 (477)
 257   5   -0.225431422815  0.972577770432  0.057211485461 -2.712334631050
    479 481 480 482 483 (479)
 258   4   -0.967660035364 -0.248452868754  0.043648917144 -2.264541268071
    484 485 487 486 (484)
 259   5    0.109574760420  0.992515763559  0.053905760040 -2.946788227225
    488 490 489 492 491 (488)
 260   5    0.460587369540 -0.886668430728  0.040967901703 -2.760647697947
    493 494 495 497 496 (493)
 261   5   -0.868589499830  0.495434703722  0.009835402020 -3.099787637831
    499 500 498 502 501 (499)
 262   3    0.678058658080  0.733519723752  0.046746882995 -2.807133403810
    504 505 503 (504)
 263   4   -0.768915842555 -0.636102505360  0.064358602707 -2.481308007918
    506 507 509 508 (506)
 264   5    0.856082840676 -0.515403790936  0.038485090467 -2.953588044369
    511 513 514 512 510 (511)
 265   3    0.683770259420 -0.728141369913  0.047627489476 -2.869499372666
    515 517 516 (515)
 266   3    0.593512303552  0.101798631566  0.798360936008  2.225653488880
    25 24 20 (25)
 267   4   -0.540661584864 -0.243746356017  0.805153876337  2.339135401788
    54 53 51 52 (54)
 268   4   -0.587997144195 -0.091826168947  0.803633817802  2.334160950855
    58 57 53 54 (58)
 269   6    0.357222152844  0.621440048556  0.697283729602  1.404049717136
    13 111 110 9 11 15 (13)
 270   9    0.678445362598 -0.250334909743  0.690683953001  1.379204984679
    1 99 98 0 22 26 29 32 31 (1)
 271   9   -0.411114124217 -0.588920937129  0.695814132279  1.474325089795
    4 430 429 3 40 45 47 50 48 (4)
 272   8   -0.665454225506  0.238872201012  0.707185085631  1.585881017716
    64 105 104 5 56 59 62 65 (64)
 273   8    0.444862807163 -0.250953988112 -0.859720407257 -6.320658821543
    92 93 77 76 527 528 526 524 (92)
 274   8   -0.250120697142 -0.443747345490 -0.860539325209 -6.301903707628
    171 172 117 80 535 536 534 531 (171)
 275   6   -0.472801612986  0.215413123391 -0.854433040693 -6.334136920174
    84 86 85 541 544 538 (84)
 276   5    0.270516984637  0.427247113496 -0.862716908976 -6.385605318475
    89 520 522 519 90 (89)
# edges:  vertex1 vetrex2 facet ind_in_list
   0   22   270    3
   0   98    16    0
   0  342    15    0
   1   99   270    0
   1    2    17    0
   1   31     1    0
   2  121    18    0
   2  106    17    1
   2    1     1    9
   3   40   271    3
   3  429    20    0
   3   96    19    0
   4  430   271    0
   4   48    22    0
   4  108    21    0
   5   56   272    3
   5  104    24    0
   5  101    23    0
   6    8    29    0
   6    7    27   14
   6  119     3    0
   7    6    29    6
   7  306    27    0
   7   10    12   17
   8   72    29    1
   8   71    28    0
   8    6     3    6
   9   11   269    3
   9   10    30    3
   9  110    12    0
  10   12    30    0
  10    7    29    5
  10    9    12   18
  11   15   269    4
  11    9    30    2
  11   12     4    0
  12   11    30    1
  12   10    29    4
  12   73     4    1
  13  111   269    0
  13   15    31    0
  13   14    13    0
  14   13    31    7
  14   17    14    9
  14  115    13    1
  15   13   269    5
  15   27    31    1
  15   11     4    9
  16   17    32    3
  16  329    14    0
  16   18     0    0
  17   19    32    0
  17   14    31    6
  17   16    14   10
  18   19    33    0
  18   16    32    2
  18   20     0    1
  19   23    33    1
  19   18    32    1
  19   17    31    5
  20   25   266    2
  20   18    33    4
  20   24     0    2
  21   24    34    0
  21   22    15   13
  21  180     0    4
  22   26   270    4
  22   21    34    7
  22    0    15   14
  23   28    34    3
  23   25    33    2
  23   19    31    4
  24   20   266    1
  24   25    34    1
  24   21     0    3
  25   24   266    0
  25   23    34    2
  25   20    33    3
  26   29   270    5
  26   30    35    0
  26   22    34    6
  27   28    31    2
  27  546     5    3
  27   15     4    8
  28   30    34    4
  28   23    31    3
  28   27     5    2
  29   32   270    6
  29   26    35    2
  29   30     5    0
  30   29    35    1
  30   26    34    5
  30   28     5    1
  31    1   270    8
  31   32    36    6
  31   33     1    1
  32   31   270    7
  32   44    36    0
  32   29     5    7
  33   35    37    0
  33   31    36    5
  33   34     1    2
  34   37    38    0
  34   33    37    3
  34   36     1    3
  35   41    39    2
  35   37    37    1
  35   33    36    4
  36   37    39    0
  36   34    38    2
  36   39     1    4
  37   35    39    1
  37   36    38    1
  37   34    37    2
  38   39    40    0
  38   42    19   13
  38  122     1    6
  39   43    40    1
  39   36    39    5
  39   38     1    5
  40   45   271    4
  40   42    41    5
  40    3    19   15
  41   46    41    2
  41   43    39    3
  41   35    36    3
  42   43    41    0
  42   38    40    3
  42   40    19   14
  43   41    41    1
  43   42    40    2
  43   39    39    4
  44   46    36    1
  44  547     6    2
  44   32     5    6
  45   47   271    5
  45   40    41    4
  45   46     6    0
  46   45    41    3
  46   41    36    2
  46   44     6    1
  47   50   271    6
  47   61    42    0
  47   45     6    6
  48    4   271    8
  48   50    43    0
  48   49    22    1
  49   48    43    4
  49  124    22    2
  49   51     2    3
  50   48   271    7
  50   52    43    1
  50   47    42    7
  51   52   267    2
  51   49    43    3
  51   53     2    4
  52   54   267    3
  52   51    43    2
  52   50    42    6
  53   54   268    2
  53   51   267    1
  53   57     2    5
  54   58   268    3
  54   53   267    0
  54   52    42    5
  55   57    44    0
  55   56    23   12
  55  125     2    0
  56   59   272    4
  56   55    44    5
  56    5    23   13
  57   53   268    1
  57   58    44    1
  57   55     2    6
  58   57   268    0
  58   60    44    2
  58   54    42    4
  59   62   272    5
  59   60    45    0
  59   56    44    4
  60   63    45    1
  60   59    44    3
  60   58    42    3
  61   63    42    1
  61  549     7    2
  61   47     6    5
  62   65   272    6
  62   59    45    3
  62   63     7    0
  63   62    45    2
  63   60    42    2
  63   61     7    1
  64  105   272    0
  64   65    46    0
  64   69    25    0
  65   64   272    7
  65   66    46    1
  65   62     7    6
  66   70    46    2
  66   65     7    5
  66  548     4    5
  67   68    47    5
  67  118    26    0
  67   74     3    3
  68   69    47    0
  68   67    26   14
  68  113    25    2
  69   70    47    1
  69   64    46    4
  69   68    25    1
  70   75    47    2
  70   69    46    3
  70   66     4    4
  71   74    48    4
  71   72    28    1
  71    8     3    5
  72   71    48    3
  72   73    29    2
  72    8    28    2
  73   72    48    2
  73   12    29    3
  73   75     4    2
  74   75    48    0
  74   67    47    4
  74   71     3    4
  75   73    48    1
  75   74    47    3
  75   70     4    3
  76  527   273    3
  76   77    50    0
  76   78     9    0
  77   76   273    2
  77  100    50    1
  77   93    49    0
  78  107    51    0
  78   76    50   15
  78   79     9    1
  79  123    52    3
  79   78    51   15
  79  530     9    2
  80  535   274    3
  80  117    54    0
  80   81    10    0
  81  109    55    0
  81   80    54   13
  81   82    10    1
  82  126    56    0
  82   81    55   11
  82   83    10    2
  83  102    57    3
  83   82    56   13
  83  537    10    3
  84   86   275    0
  84  160    58    0
  84  538    57    0
  85  541   275    2
  85   86    59    0
  85   87    11    0
  86   85   275    1
  86  114    59    1
  86   84    58   18
  87  120    60    0
  87   85    59   13
  87   88    11    1
  88   95    61    3
  88   87    60   15
  88  518    11    2
  89  520   276    0
  89   90    62   14
  89   91     8    5
  90   89   276    4
  90  112    62    0
  90  519    61    0
  91  116    63    0
  91   89    62   13
  91   94     8    6
  92   93   273    0
  92   94    64    8
  92  524     8    0
  93   77   273    1
  93   92    64    7
  93  103    49    1
  94  181    64    9
  94   91    63   14
  94   92     8    7
  95  440    75    0
  95  233    61    4
  95   88    60   14
  96  301    76    3
  96    3    20   13
  96  235    19    1
  97  236    76    0
  97  302    53    3
  97  532    52    0
  98    0   270    2
  98   99    77    3
  98  156    16    1
  99   98   270    1
  99  460    77    4
  99    1    17   16
 100  157    77    0
 100  461    50    2
 100   77    49   10
 101  136    78    3
 101    5    24   11
 101  191    23    1
 102  192    78    0
 102  137    57    4
 102   83    56   12
 103  344    79    0
 103   93    64    6
 103  197    49    2
 104    5   272    2
 104  105    80    5
 104  161    24    1
 105  104   272    1
 105  247    80    0
 105   64    25   17
 106  457    81    3
 106    2    18   12
 106  253    17    2
 107  254    81    0
 107  458    51    1
 107   78    50   14
 108  131    82    3
 108    4    22   13
 108  134    21    1
 109  135    82    0
 109  132    55    1
 109   81    54   12
 110    9   269    2
 110  111    83    3
 110  392    12    1
 111  110   269    1
 111  144    83    4
 111   13    13   13
 112  393    83    0
 112  145    62    1
 112   90    61   17
 113  249    84    3
 113   68    26   13
 113  297    25    3
 114  298    84    0
 114  250    59    2
 114   86    58   17
 115  316    85    3
 115   14    14    8
 115  147    13    2
 116  148    85    0
 116  317    63    1
 116   91    62   12
 117   80   274    2
 117  172    86    0
 117  431    54    1
 118  119    87    6
 118  404    26    1
 118   67     3    2
 119  414    87    0
 119    6    27   13
 119  118     3    1
 120  405    87    3
 120  415    60    1
 120   87    59   12
 121  122    91    6
 121  284    18    1
 121    2     1    8
 122  239    91    0
 122   38    19   12
 122  121     1    7
 123  285    91    3
 123  240    52    4
 123   79    51   14
 124  125    96    3
 124  409    22    3
 124   49     2    2
 125  335    96    4
 125   55    23   11
 125  124     2    1
 126  410    96    0
 126  336    56    1
 126   82    55   10
 127  511   127    0
 127  397   107    0
 127  339    50    6
 128  321   129    0
 128  507   108    2
 128  353    54    8
 129  158   132    0
 129  130   101    0
 129  228    16    4
 130  129   132    3
 130  229   101    1
 130  159    49    7
 131  245   133    0
 131  132    82    4
 131  108    22   12
 132  131   133    3
 132  109    82    5
 132  246    55    2
 133  173   141    0
 133  446   112    0
 133  140    20    4
 134  135   144    0
 134  108    82    2
 134  354    21    2
 135  355   144    1
 135  134    82    1
 135  109    54   11
 136  138   146    0
 136  137    78    4
 136  101    24   10
 137  136   146    3
 137  102    78    5
 137  139    57    5
 138  139   146    1
 138  176   121    0
 138  136    24    9
 139  137   146    2
 139  138   121    3
 139  177    57    6
 140  141   147    3
 140  133   112    4
 140  263    20    5
 141  264   147    0
 141  140   112    3
 141  445    53   10
 142  255   150    0
 142  143    90    4
 142  515    17    5
 143  142   150    3
 143  277    90    0
 143  256    50   11
 144  400   151    0
 144  145    83    5
 144  111    13   12
 145  144   151    4
 145  112    83    6
 145  146    62    2
 146  145   151    3
 146  401   117    0
 146  215    62    3
 147  148   153    0
 147  115    85    2
 147  149    13    3
 148  150   153    1
 148  147    85    1
 148  116    62   11
 149  147   153    3
 149  150   114    0
 149  356    13    4
 150  149   153    2
 150  273   114    1
 150  148    62   10
 151  508   155    0
 151  322   100    0
 151  267    21    7
 152  411   158    0
 152  367   113    0
 152  288    22    6
 153  289   159    0
 153  154   104    3
 153  243    22    9
 154  153   159    4
 154  244   104    0
 154  155    55    5
 155  154   159    3
 155  290   113    3
 155  366    55    6
 156  157   160    0
 156   98    77    2
 156  158    16    2
 157  159   160    1
 157  156    77    1
 157  100    49    9
 158  156   160    3
 158  159   132    1
 158  129    16    3
 159  158   160    2
 159  130   132    2
 159  157    49    8
 160  164   163    2
 160  162    58    1
 160   84    57   13
 161  162   163    0
 161  104    80    4
 161  163    24    2
 162  160   163    1
 162  161    80    3
 162  248    58    2
 163  161   163    4
 163  164   119    0
 163  189    24    3
 164  163   163    3
 164  190   119    1
 164  160    57   12
 165  166   164    0
 165  261    92    0
 165  167    20    8
 166  168   164    1
 166  165    92    3
 166  262    53    7
 167  165   164    3
 167  168   136    4
 167  220    20    9
 168  167   164    2
 168  303   136    0
 168  166    53    6
 169  170   165    3
 169  345   130    0
 169  373    15    3
 170  374   165    0
 170  169   130    3
 170  346    64    3
 171  172   274    0
 171  447   166    4
 171  531    53    0
 172  117   274    1
 172  171   166    3
 172  434    86    1
 173  433   166    0
 173  448   141    1
 173  133    20    3
 174  286   167    0
 174  175   126    0
 174  213    18    4
 175  174   167    3
 175  377   126    1
 175  287    51   11
 176  451   168    0
 176  177   121    1
 176  138    24    8
 177  176   168    3
 177  139   121    2
 177  452    57    7
 178  314   169    0
 178  179   124    3
 178  241    19    9
 179  178   169    3
 179  242   124    0
 179  315    52    7
 180  184   171    3
 180   21    15   12
 180  182     0    5
 181  183   171    0
 181  185    64   10
 181   94    63   13
 182  180   171    2
 182  183   106    3
 182  203     0    6
 183  182   171    1
 183  204   106    0
 183  181    63   12
 184  185   171    4
 184  209   135    0
 184  180    15   11
 185  181   171    5
 185  184   135    3
 185  210    64   11
 186  422   172    0
 186  269   100    3
 186  320    54    5
 187  189   173    0
 187  188    89    3
 187  449    24    5
 188  187   173    3
 188  450    89    0
 188  190    57   10
 189  190   173    1
 189  163   119    3
 189  187    24    4
 190  188   173    2
 190  189   119    2
 190  164    57   11
 191  192   174    0
 191  101    78    2
 191  327    23    2
 192  193   174    1
 192  191    78    1
 192  102    56   11
 193  328   174    2
 193  326   148    0
 193  192    56   10
 194  382   175    0
 194  195   137    3
 194  318    14    5
 195  194   175    3
 195  319   137    0
 195  383    63    4
 196  198   176    0
 196  197    79    3
 196  343    16    8
 197  196   176    3
 197  103    79    4
 197  199    49    3
 198  199   176    1
 198  230   120    0
 198  196    16    7
 199  197   176    2
 199  198   120    3
 199  231    49    4
 200  202   178    0
 200  201    93    4
 200  214    13    8
 201  200   178    5
 201  503    93    0
 201  274    62    7
 202  358   178    1
 202  357   149    0
 202  200    13    7
 203  204   179    0
 203  182   106    2
 203  390     0    7
 204  391   179    1
 204  203   106    1
 204  183    63   11
 205  206   180    3
 205  418   118    0
 205  416    27   10
 206  417   180    0
 206  205   118    3
 206  419    60    4
 207  208   182    0
 207  453   110    0
 207  209    15    9
 208  210   182    1
 208  207   110    3
 208  454    64   13
 209  207   182    3
 209  210   135    1
 209  184    15   10
 210  209   182    2
 210  185   135    2
 210  208    64   12
 211  212   183    0
 211  386   109    2
 211  281    58   12
 212  387   183    1
 212  428   142    0
 212  211    58   11
 213  378   184    0
 213  174   126    4
 213  472    18    5
 214  505   185    0
 214  200    93    3
 214  402    13    9
 215  403   185    3
 215  146   117    3
 215  504    62    4
 216  217   186    0
 216  324    97    0
 216  218    23    5
 217  219   186    1
 217  216    97    3
 217  325    56    7
 218  216   186    3
 218  219   115    3
 218  484    23    6
 219  218   186    2
 219  485   115    0
 219  217    56    6
 220  305   187    0
 220  167   136    3
 220  304    20   10
 221  500   188    2
 221  498   125    0
 221  466    58    6
 222  223   189    3
 222  237   134    0
 222  469    19    4
 223  470   189    0
 223  222   134    3
 223  238    52   12
 224  407   190    0
 224  408   116    0
 224  347    26    4
 225  227   191    0
 225  474    98    0
 225  471    51    7
 226  473   191    2
 226  227   128    3
 226  493    18    8
 227  226   191    1
 227  494   128    0
 227  225    51    6
 228  229   192    0
 228  129   101    3
 228  230    16    5
 229  231   192    1
 229  228   101    2
 229  130    49    6
 230  228   192    3
 230  231   120    1
 230  198    16    6
 231  230   192    2
 231  199   120    2
 231  229    49    5
 232  477   193    0
 232  233    75    4
 232  307    12   14
 233  232   193    4
 233   95    75    5
 233  234    61    5
 234  233   193    3
 234  478   122    0
 234  292    61    6
 235  236   194    0
 235   96    76    2
 235  237    19    2
 236  238   194    1
 236  235    76    1
 236   97    52   14
 237  235   194    3
 237  238   134    1
 237  222    19    3
 238  237   194    2
 238  223   134    2
 238  236    52   13
 239  241   195    0
 239  240    91    1
 239  122    19   11
 240  239   195    3
 240  123    91    2
 240  242    52    5
 241  242   195    1
 241  178   124    2
 241  239    19   10
 242  240   195    2
 242  241   124    1
 242  179    52    6
 243  244   196    0
 243  153   104    2
 243  245    22   10
 244  246   196    1
 244  243   104    1
 244  154    55    4
 245  243   196    3
 245  246   133    1
 245  131    22   11
 246  245   196    2
 246  132   133    2
 246  244    55    3
 247  501   197    0
 247  248    80    1
 247  105    25   16
 248  247   197    3
 248  162    80    2
 248  502    58    3
 249  251   198    0
 249  250    84    4
 249  113    26   12
 250  249   198    3
 250  114    84    5
 250  252    59    3
 251  252   198    1
 251  310   139    0
 251  249    26   11
 252  250   198    2
 252  251   139    3
 252  311    59    4
 253  254   199    0
 253  106    81    2
 253  255    17    3
 254  256   199    1
 254  253    81    1
 254  107    50   13
 255  253   199    3
 255  256   150    1
 255  142    17    4
 256  255   199    2
 256  143   150    2
 256  254    50   12
 257  258   200    0
 257  368   111    0
 257  259    12    6
 258  260   200    1
 258  257   111    3
 258  369    61   12
 259  257   200    3
 259  260   145    3
 259  362    12    7
 260  259   200    2
 260  363   145    0
 260  258    61   11
 261  263   201    0
 261  262    92    1
 261  165    20    7
 262  261   201    3
 262  166    92    2
 262  264    53    8
 263  264   201    1
 263  140   147    2
 263  261    20    6
 264  262   201    2
 264  263   147    1
 264  141    53    9
 265  266   202    0
 265  364   181    0
 265  488    12   10
 266  293   202    1
 266  265   181    3
 266  365    88    2
 267  269   203    0
 267  151   100    5
 267  268    21    8
 268  267   203    4
 268  423   131    0
 268  432    21    9
 269  424   203    1
 269  186   172    3
 269  267   100    4
 270  272   204    0
 270  271    94    3
 270  308    26    8
 271  270   204    4
 271  309    94    0
 271  350    59    7
 272  351   204    1
 272  349   161    0
 272  270    26    7
 273  274   205    0
 273  359   114    2
 273  150    62    9
 274  360   205    1
 274  201   178    4
 274  273    62    8
 275  276   206    3
 275  441   138    0
 275  438    27    4
 276  439   206    0
 276  275   138    3
 276  442    60   11
 277  279   207    3
 277  517    90    1
 277  143    50   10
 278  516   207    0
 278  279   152    0
 278  340    17    8
 279  278   207    4
 279  341   152    1
 279  277    50    9
 280  282   208    0
 280  281   109    0
 280  384    25    7
 281  280   208    3
 281  211   109    1
 281  283    58   13
 282  283   208    1
 282  299   140    0
 282  280    25    6
 283  281   208    2
 283  282   140    3
 283  300    58   14
 284  285   209    0
 284  121    91    5
 284  286    18    2
 285  287   209    1
 285  284    91    4
 285  123    51   13
 286  284   209    3
 286  287   167    1
 286  174    18    3
 287  286   209    2
 287  175   167    2
 287  285    51   12
 288  290   210    0
 288  152   113    5
 288  289    22    7
 289  288   210    2
 289  290   159    1
 289  153    22    8
 290  289   210    1
 290  155   159    2
 290  288   113    4
 291  292   211    0
 291  293    88    0
 291  361    61    8
 292  489   211    1
 292  234   122    4
 292  291    61    7
 293  291   211    4
 293  490   202    2
 293  266    88    1
 294  296   212    0
 294  376    99    0
 294  372    64    0
 295  375   212    2
 295  296   143    0
 295  455    15    6
 296  295   212    1
 296  456   143    1
 296  294    64   16
 297  298   213    0
 297  113    84    2
 297  299    25    4
 298  300   213    1
 298  297    84    1
 298  114    58   16
 299  297   213    3
 299  300   140    1
 299  282    25    5
 300  299   213    2
 300  283   140    2
 300  298    58   15
 301  304   214    0
 301  302    76    4
 301   96    20   12
 302  301   214    4
 302   97    76    5
 302  303    53    4
 303  302   214    3
 303  305   136    1
 303  168    53    5
 304  305   214    1
 304  220   187    2
 304  301    20   11
 305  303   214    2
 305  304   187    1
 305  220   136    2
 306  307   215    0
 306  443    27    1
 306    7    12   16
 307  444   215    1
 307  232    75    3
 307  306    12   15
 308  309   216    0
 308  270    94    2
 308  310    26    9
 309  311   216    1
 309  308    94    1
 309  271    59    6
 310  308   216    3
 310  311   139    1
 310  251    26   10
 311  310   216    2
 311  252   139    2
 311  309    59    5
 312  313   217    0
 312  467   103    0
 312  314    19    7
 313  315   217    1
 313  312   103    3
 313  468    52    9
 314  312   217    3
 314  315   169    1
 314  178    19    8
 315  314   217    2
 315  179   169    2
 315  313    52    8
 316  318   218    0
 316  317    85    4
 316  115    14    7
 317  316   218    3
 317  116    85    5
 317  319    63    2
 318  319   218    1
 318  194   137    2
 318  316    14    6
 319  317   218    2
 319  318   137    1
 319  195    63    3
 320  322   219    3
 320  186   100    2
 320  321    54    6
 321  320   219    2
 321  323   129    1
 321  128    54    7
 322  323   219    0
 322  151   155    4
 322  320   100    1
 323  321   219    1
 323  322   155    3
 323  509   129    2
 324  327   220    0
 324  325    97    1
 324  216    23    4
 325  324   220    4
 325  217    97    2
 325  326    56    8
 326  325   220    3
 326  328   148    1
 326  193    56    9
 327  328   220    1
 327  191   174    4
 327  324    23    3
 328  326   220    2
 328  327   174    3
 328  193   148    2
 329  331   221    0
 329  333    14    1
 329   16     0   11
 330  334   221    3
 330  379   105    0
 330  332    63    7
 331  332   221    1
 331  388   123    0
 331  329     0   10
 332  330   221    2
 332  331   123    3
 332  389    63    8
 333  329   221    5
 333  334   162    3
 333  380    14    2
 334  333   221    4
 334  381   162    0
 334  330   105    3
 335  337   222    0
 335  336    96    5
 335  125    23   10
 336  335   222    3
 336  126    96    6
 336  338    56    2
 337  338   222    1
 337  486   154    0
 337  335    23    9
 338  336   222    2
 338  337   154    3
 338  487    56    3
 339  399   223    0
 339  127   107    3
 339  341    50    7
 340  341   223    3
 340  278   152    3
 340  398    17    9
 341  339   223    4
 341  340   152    2
 341  279    50    8
 342  343   224    0
 342    0    16   10
 342  345    15    1
 343  344   224    1
 343  196    79    2
 343  342    16    9
 344  346   224    2
 344  343    79    1
 344  103    64    5
 345  342   224    4
 345  346   130    1
 345  169    15    2
 346  345   224    3
 346  170   130    2
 346  344    64    4
 347  348   225    4
 347  224   116    4
 347  349    26    5
 348  350   225    0
 348  347   116    3
 348  406    59    9
 349  347   225    3
 349  351   161    1
 349  272    26    6
 350  351   225    1
 350  271   204    3
 350  348    59    8
 351  349   225    2
 351  350   204    2
 351  272   161    2
 352  354   226    0
 352  353   108    0
 352  506    21    4
 353  352   226    3
 353  128   108    1
 353  355    54    9
 354  355   226    1
 354  134   144    3
 354  352    21    3
 355  353   226    2
 355  354   144    2
 355  135    54   10
 356  359   227    4
 356  149   114    4
 356  357    13    5
 357  356   227    3
 357  358   149    1
 357  202    13    6
 358  357   227    2
 358  360   178    2
 358  202   149    2
 359  360   227    0
 359  273   205    3
 359  356   114    3
 360  358   227    1
 360  359   205    2
 360  274   178    3
 361  365   228    2
 361  291    88    4
 361  363    61    9
 362  363   228    0
 362  259   145    2
 362  364    12    8
 363  361   228    1
 363  362   145    1
 363  260    61   10
 364  362   228    4
 364  365   181    1
 364  265    12    9
 365  364   228    3
 365  266   181    2
 365  361    88    3
 366  367   229    3
 366  155   113    2
 366  412    55    7
 367  413   229    0
 367  152   158    3
 367  366   113    1
 368  370   230    0
 368  369   111    1
 368  257    12    5
 369  368   230    3
 369  258   111    2
 369  371    61   13
 370  371   230    1
 370  394   157    0
 370  368    12    4
 371  369   230    2
 371  370   157    3
 371  395    61   14
 372  376   231    2
 372  294    99    2
 372  374    64    1
 373  374   231    0
 373  169   165    2
 373  375    15    4
 374  372   231    1
 374  373   165    1
 374  170    64    2
 375  373   231    4
 375  376   212    3
 375  295    15    5
 376  375   231    3
 376  294   212    4
 376  372    99    1
 377  475   232    0
 377  378   126    2
 377  175    51   10
 378  377   232    3
 378  476   184    1
 378  213   126    3
 379  383   233    2
 379  381   105    1
 379  330    63    6
 380  381   233    0
 380  333   162    2
 380  382    14    3
 381  379   233    1
 381  380   162    1
 381  334   105    2
 382  380   233    4
 382  383   175    1
 382  194    14    4
 383  382   233    3
 383  195   175    2
 383  379    63    5
 384  386   234    3
 384  280   109    4
 384  385    25    8
 385  384   234    2
 385  387   142    3
 385  427    25    9
 386  387   234    0
 386  211   183    3
 386  384   109    3
 387  385   234    1
 387  386   183    2
 387  212   142    4
 388  390   235    0
 388  389   123    1
 388  331     0    9
 389  388   235    3
 389  332   123    2
 389  391    63    9
 390  391   235    1
 390  203   179    3
 390  388     0    8
 391  389   235    2
 391  390   179    2
 391  204    63   10
 392  393   236    0
 392  110    83    2
 392  394    12    2
 393  395   236    1
 393  392    83    1
 393  112    61   16
 394  392   236    3
 394  395   157    1
 394  370    12    3
 395  394   236    2
 395  371   157    2
 395  393    61   15
 396  398   237    0
 396  397   127    3
 396  510    17   11
 397  396   237    3
 397  127   127    4
 397  399   107    1
 398  399   237    1
 398  340   223    2
 398  396    17   10
 399  397   237    2
 399  398   223    1
 399  339   107    2
 400  402   238    0
 400  401   151    1
 400  144    13   11
 401  400   238    3
 401  146   151    2
 401  403   117    1
 402  403   238    1
 402  214   185    5
 402  400    13   10
 403  401   238    2
 403  402   185    4
 403  215   117    2
 404  405   239    0
 404  118    87    5
 404  407    26    2
 405  406   239    1
 405  404    87    4
 405  120    59   11
 406  408   239    2
 406  348   116    2
 406  405    59   10
 407  404   239    4
 407  408   190    1
 407  224    26    3
 408  407   239    3
 408  224   190    2
 408  406   116    1
 409  410   240    4
 409  124    96    2
 409  411    22    4
 410  412   240    0
 410  409    96    1
 410  126    55    9
 411  409   240    3
 411  413   158    1
 411  152    22    5
 412  413   240    1
 412  366   229    2
 412  410    55    8
 413  411   240    2
 413  412   229    1
 413  367   158    2
 414  416   241    0
 414  415    87    1
 414  119    27   12
 415  414   241    3
 415  120    87    2
 415  417    60    2
 416  417   241    1
 416  205   180    2
 416  414    27   11
 417  415   241    2
 417  416   180    1
 417  206    60    3
 418  420   242    0
 418  419   118    1
 418  205    27    9
 419  418   242    3
 419  206   118    2
 419  421    60    5
 420  421   242    1
 420  480   177    0
 420  418    27    8
 421  419   242    2
 421  420   177    3
 421  481    60    6
 422  435   243    2
 422  424   172    1
 422  186    54    4
 423  424   243    0
 423  268   203    3
 423  436   131    1
 424  422   243    1
 424  423   203    2
 424  269   172    2
 425  427   244    0
 425  426    95    3
 425  463    25   11
 426  425   244    3
 426  464    95    0
 426  428    58    9
 427  428   244    1
 427  385   142    2
 427  425    25   10
 428  426   244    2
 428  427   142    1
 428  212    58   10
 429    3   271    2
 429  430   245    3
 429  433    20    1
 430  429   271    1
 430  432   245    4
 430    4    21   11
 431  434   245    0
 431  117    86    3
 431  435    54    2
 432  436   245    5
 432  268   131    3
 432  430    21   10
 433  429   245    2
 433  434   166    1
 433  173    20    2
 434  433   245    1
 434  172   166    2
 434  431    86    2
 435  431   245    7
 435  436   243    3
 435  422    54    3
 436  435   245    6
 436  423   243    4
 436  432   131    2
 437  483   246    0
 437  479   102    0
 437  439    60    9
 438  439   246    3
 438  275   206    2
 438  482    27    5
 439  437   246    4
 439  438   206    1
 439  276    60   10
 440  442   247    0
 440  444    75    1
 440   95    60   13
 441  443   247    2
 441  442   138    1
 441  275    27    3
 442  441   247    1
 442  276   138    2
 442  440    60   12
 443  444   247    3
 443  306   215    3
 443  441    27    2
 444  440   247    4
 444  443   215    2
 444  307    75    2
 445  446   248    0
 445  141   112    2
 445  447    53   11
 446  448   248    1
 446  133   141    3
 446  445   112    1
 447  445   248    3
 447  448   166    5
 447  171    53   12
 448  447   248    2
 448  173   166    6
 448  446   141    2
 449  450   249    0
 449  187    89    2
 449  451    24    6
 450  452   249    1
 450  449    89    1
 450  188    57    9
 451  449   249    3
 451  452   168    1
 451  176    24    7
 452  451   249    2
 452  177   168    2
 452  450    57    8
 453  455   250    0
 453  454   110    1
 453  207    15    8
 454  453   250    3
 454  208   110    2
 454  456    64   14
 455  456   250    1
 455  295   143    3
 455  453    15    7
 456  454   250    2
 456  455   143    2
 456  296    64   15
 457  496   251    0
 457  458    81    4
 457  106    18   11
 458  457   251    4
 458  107    81    5
 458  459    51    2
 459  458   251    3
 459  497   156    0
 459  495    51    3
 460  462   252    0
 460  461    77    5
 460   99    17   15
 461  460   252    4
 461  100    77    6
 461  513    50    3
 462  514   252    1
 462  512   170    0
 462  460    17   14
 463  464   253    0
 463  425    95    2
 463  465    25   12
 464  466   253    1
 464  463    95    1
 464  426    58    8
 465  463   253    3
 465  466   188    0
 465  499    25   13
 466  465   253    2
 466  221   188    1
 466  464    58    7
 467  469   254    0
 467  468   103    1
 467  312    19    6
 468  467   254    3
 468  313   103    2
 468  470    52   10
 469  470   254    1
 469  222   189    2
 469  467    19    5
 470  468   254    2
 470  469   189    1
 470  223    52   11
 471  474   255    0
 471  225    98    2
 471  475    51    8
 472  476   255    3
 472  213   184    3
 472  473    18    6
 473  472   255    2
 473  474   191    3
 473  226    18    7
 474  473   255    1
 474  225   191    4
 474  471    98    1
 475  471   255    5
 475  476   232    1
 475  377    51    9
 476  475   255    4
 476  378   232    2
 476  472   184    2
 477  491   256    0
 477  478   193    1
 477  232    12   13
 478  477   256    3
 478  234   193    2
 478  492   122    1
 479  481   257    0
 479  483   102    1
 479  437    60    8
 480  482   257    2
 480  481   177    1
 480  420    27    7
 481  480   257    1
 481  421   177    2
 481  479    60    7
 482  483   257    3
 482  438   246    2
 482  480    27    6
 483  479   257    4
 483  482   246    1
 483  437   102    2
 484  485   258    0
 484  218   115    2
 484  486    23    7
 485  487   258    1
 485  484   115    1
 485  219    56    5
 486  484   258    3
 486  487   154    1
 486  337    23    8
 487  486   258    2
 487  338   154    2
 487  485    56    4
 488  490   259    0
 488  265   202    4
 488  491    12   11
 489  492   259    2
 489  490   211    2
 489  292   122    3
 490  489   259    1
 490  293   211    3
 490  488   202    3
 491  488   259    4
 491  492   256    1
 491  477    12   12
 492  491   259    3
 492  478   256    2
 492  489   122    2
 493  494   260    0
 493  226   128    2
 493  496    18    9
 494  495   260    1
 494  493   128    1
 494  227    51    5
 495  497   260    2
 495  459   156    2
 495  494    51    4
 496  493   260    4
 496  497   251    1
 496  457    18   10
 497  496   260    3
 497  459   251    2
 497  495   156    1
 498  502   261    2
 498  500   125    1
 498  221    58    5
 499  500   261    0
 499  465   188    4
 499  501    25   14
 500  498   261    1
 500  499   188    3
 500  221   125    2
 501  499   261    4
 501  502   197    1
 501  247    25   15
 502  501   261    3
 502  248   197    2
 502  498    58    4
 503  504   262    2
 503  505    93    1
 503  201    62    6
 504  505   262    0
 504  215   185    2
 504  503    62    5
 505  503   262    1
 505  504   185    1
 505  214    93    2
 506  507   263    0
 506  352   108    4
 506  508    21    5
 507  509   263    1
 507  128   129    4
 507  506   108    3
 508  506   263    3
 508  509   155    1
 508  151    21    6
 509  508   263    2
 509  323   155    2
 509  507   129    3
 510  511   264    4
 510  396   127    2
 510  512    17   12
 511  513   264    0
 511  510   127    1
 511  127    50    5
 512  510   264    3
 512  514   170    1
 512  462    17   13
 513  514   264    1
 513  461   252    3
 513  511    50    4
 514  512   264    2
 514  513   252    2
 514  462   170    2
 515  517   265    0
 515  142    90    3
 515  516    17    6
 516  515   265    2
 516  517   207    1
 516  278    17    7
 517  516   265    1
 517  277   207    2
 517  515    90    2
 518  519    65    0
 518   88    61    2
 518  542    11    3
 519   90   276    3
 519  522    65    1
 519  518    61    1
 520  522   276    1
 520  521    66    0
 520   89     8    4
 521  525    73    0
 521  523    66    1
 521  520     8    3
 522  519   276    2
 522  520    66    3
 522  523    65    2
 523  521    73   11
 523  522    66    2
 523  543    65    3
 524   92   273    7
 524  526    67    0
 524  525     8    1
 525  526    73    1
 525  524    67    2
 525  521     8    2
 526  524   273    6
 526  528    73    2
 526  525    67    1
 527  528   273    4
 527  529    68    0
 527   76     9    6
 528  526   273    5
 528  529    73    3
 528  527    68    2
 529  533    73    4
 529  528    68    1
 529  527     9    5
 530  532    69    0
 530   79    52    2
 530  533     9    3
 531  171   274    7
 531  534    69    2
 531  532    53    1
 532  531    69    1
 532   97    53    2
 532  530    52    1
 533  534    73    5
 533  530    69    4
 533  529     9    4
 534  531   274    6
 534  536    73    6
 534  533    69    3
 535  536   274    4
 535  539    70    0
 535   80    10    6
 536  534   274    5
 536  540    73    7
 536  535    70    3
 537  538    71    0
 537   83    57    2
 537  539    10    4
 538   84   275    5
 538  544    71    1
 538  537    57    1
 539  537    71    5
 539  540    70    1
 539  535    10    5
 540  545    73    8
 540  539    71    4
 540  536    70    2
 541  544   275    3
 541  542    72    0
 541   85    11    5
 542  543    72    1
 542  518    65    5
 542  541    11    4
 543  523    73   10
 543  545    72    2
 543  542    65    4
 544  538   275    4
 544  541    72    4
 544  545    71    2
 545  543    73    9
 545  544    72    3
 545  540    71    3
 546  548    74    3
 546  547     5    4
 546   27     4    7
 547  546    74    2
 547  549     6    3
 547   44     5    5
 548  549    74    0
 548   66     7    4
 548  546     4    6
 549  547    74    1
 549  548     7    3
 549   61     6    4
