
# WPolyhedron::Dump
# num_vertices   num_facets   num_edges
   460  232 1380
# vertices:  ind  x y z
   0   0.502084510692  0.040304996089 -3.893401569029
   1   0.526718485012  0.087216363202 -3.921948849121
   2   2.329597233171  0.803510209511 -5.414171595460
   3   0.627339005394 -0.369651700063 -3.935918879770
   4   0.639686731084 -0.367054608397 -3.945852367853
   5   0.525364233900 -0.823349688664 -3.957856073597
   6   2.182678944933 -1.811156110068 -5.453276103499
   7   0.546464414213 -0.884656267142 -3.994973078884
   8   0.197310374185 -0.586095146069 -3.710001483826
   9   0.174835218262 -0.957968628788 -3.876281983238
  10  -0.046851350763 -0.744125805334 -3.888089556477
  11  -0.101145638357 -0.843737032412 -3.954734160007
  12  -1.842339200585 -1.560605786367 -5.530321412859
  13  -0.133469738714 -0.344579898913 -3.891124239284
  14  -0.156783243085 -0.348796537673 -3.911339493653
  15  -0.054508953482  0.056029655136 -3.903370590437
  16  -1.630139231623  1.117261772136 -5.382808934833
  17  -0.055623778018  0.059200386317 -3.905195211396
  18   0.229911308731  0.148512641125 -3.818804678756
  19   0.233192789381  0.196932657589 -3.838816633835
  20  -0.267541255506  3.231597672165 -5.337988514485
  21   1.208927402476  3.213777545695 -5.414929095593
  22   1.214263940939  3.208279837213 -5.415094074746
  23  -0.283617252310  3.378359444721 -5.407668393888
  24  -0.578448972389 -4.050431960189 -5.518395188326
  25  -0.610222025788 -4.016057004678 -5.518524516115
  26   0.701282960006 -4.099638734560 -5.538910353324
  27   0.661258567389 -4.134319696708 -5.537930685697
  28   1.932999915235  2.176840417801 -5.422326988525
  29  -1.216101736670  2.293473147749 -5.461777400256
  30   2.397797158863  0.842247966214 -5.473178140710
  31   2.227911455212 -1.842934878067 -5.495877803011
  32  -1.725205551389  1.192082914130 -5.475540280243
  33  -1.852504310455 -1.566838001444 -5.539983793918
  34   1.659692453508 -2.985177713486 -5.532557123818
  35   2.463959487286 -0.492092245807 -5.489988911448
  36  -1.956020332753 -0.300747011905 -5.513267813608
  37  -1.406976915352 -2.861420749703 -5.471895580363
  38  -1.509914707874 -2.640274492131 -5.505301411820
  39  -0.692353706599  2.984314700336 -5.465244976782
  40  -0.371505519382 -4.258000269525 -5.531130166024
  41  -1.599725284292  1.540450573876 -5.496868878727
  42   0.620780314871 -4.169553586435 -5.540041105319
  43   0.832066785640  3.560412555140 -5.427501436056
  44   2.455049381356 -0.651508537851 -5.506525551031
  45   0.980731773056  3.437469043032 -5.428212409633
  46   0.109543914346  3.692363174748 -5.408494075320
  47  -0.090618264742 -4.479992876725 -5.522201067421
  48  -0.217808677083 -4.387259125460 -5.529661681053
  49   2.113622145788  1.787400193268 -5.470477008389
  50   0.369753444589  3.852224202675 -5.388092089613
  51   1.952315712775  2.140342544068 -5.428607653406
  52   2.030259685615  1.977208864814 -5.450467365598
  53  -1.007904364636  2.594388226863 -5.474081052085
  54  -1.622369704035 -2.367901949789 -5.534817988886
  55  -1.636921995298 -2.346985639622 -5.574924925036
  56   1.899877577253  2.241234102834 -5.428094042646
  57   1.603465572558 -3.069940278110 -5.541749372556
  58   2.288845024113  1.286760994180 -5.490193532817
  59   2.471748661351  0.121329128975 -5.514676287317
  60   2.475169352929 -0.026315899094 -5.513227254259
  61  -1.392608080236 -2.892263711218 -5.476820254453
  62  -1.398554146050 -2.879886436319 -5.474939684656
  63  -1.957786365666 -0.532725508989 -5.536674005371
  64  -1.795715701283  0.928881661499 -5.508648445601
  65  -1.221819346899  2.284939100063 -5.463164833896
  66  -1.266686022216  2.211898997569 -5.472100169601
  67  -1.204942825132 -3.224970675119 -5.512561294880
  68   1.370562079772  3.041767367228 -5.437574914693
  69   2.457184427383  0.381315445541 -5.509981365442
  70   2.443263555432  0.538522565671 -5.502803231535
  71   2.181451830256 -1.968152049837 -5.510682667493
  72   2.112869482569 -2.131820428763 -5.524682190840
  73  -0.547880885200  3.130847155802 -5.447907130078
  74   1.516140480389  2.861363026898 -5.449355684487
  75   1.974902646549 -2.424417550445 -5.539247082334
  76   2.058646417734 -2.252673598397 -5.532579638913
  77  -0.814491787619  2.845878310541 -5.473854343908
  78  -0.861208979027  2.786622053221 -5.474527778502
  79   0.714355409291 -4.088383010187 -5.540619047222
  80   2.471228959391 -0.380369949220 -5.499449411502
  81   2.474920010773 -0.182372975255 -5.508416428640
  82  -1.728072809540  1.183484305275 -5.477122134574
  83   0.028651159846 -4.553530714447 -5.509316191422
  84   0.005387699290 -4.542440062309 -5.513256708671
  85   0.007529273141 -4.542512177573 -5.538913736865
  86  -1.933855952250 -0.977515517053 -5.557162868330
  87  -1.935560494789 -0.959796782713 -5.586568180033
  88   0.033144477842 -4.553330259748 -5.510820931032
  89   0.030364070516 -4.554301354400 -5.510286786732
  90   0.036978564506 -4.553143676247 -5.627385305063
  91  -0.520795604157 -4.112671272414 -5.523878962738
  92  -0.491297264947 -4.143969046960 -5.526444734293
  93  -0.675911377904 -3.944854260634 -5.524458535711
  94  -0.865971782790 -3.714881249214 -5.531862187175
  95  -0.669078581022 -3.949445054377 -5.642835413706
  96   2.412914429652 -1.028087687199 -5.527957485188
  97   2.415838622324 -1.018171452554 -5.550989456574
  98   0.671241195483  3.677526781841 -5.420203696706
  99   0.806067253251  3.579893097753 -5.426546674340
 100  -1.353838286550 -2.965256420049 -5.485939687135
 101  -1.271289795128 -3.114971027224 -5.503033175409
 102   1.470766896801 -3.258962031848 -5.558427483582
 103   1.481592141459 -3.244719592880 -5.557602770747
 104   1.094755595363 -3.717685688907 -5.570698970926
 105   1.114381454239 -3.698479971899 -5.616940044345
 106   1.610318993518  2.729623561691 -5.451538547317
 107   1.694031652887  2.597541123799 -5.448057858065
 108  -1.695795599844 -2.165871292933 -5.548606811029
 109  -1.692751214149 -2.175699959039 -5.550872854776
 110  -1.691030700893 -2.180078932782 -5.591758848168
 111  -1.882578521000 -1.415677955117 -5.552611271003
 112  -1.889983178257 -1.368739987774 -5.554805617736
 113   2.390194759491  0.884876832067 -5.476917138044
 114   2.356151617924  1.039081561332 -5.485598644321
 115  -1.835090100197 -1.654400190483 -5.545701536055
 116  -1.795065176896 -1.815562648599 -5.549754612568
 117  -1.834812412113 -1.655932878042 -5.597646428776
 118  -1.553928507826  1.651246487368 -5.499398054136
 119   1.742811087984  2.517767975060 -5.445013473801
 120   1.826694234431  2.375375284489 -5.437892658933
 121  -1.715323742459  1.221695842201 -5.477920158577
 122  -1.652862884208  1.399795672818 -5.490045002764
 123   1.896799685229 -2.575053300842 -5.541926308755
 124   1.818082759548 -2.721004362400 -5.542449373159
 125  -1.925768202737  0.103937757030 -5.531718144628
 126  -1.898132034779  0.322698264324 -5.531680094214
 127  -1.832448762386  0.744139089015 -5.520566082339
 128  -1.795970260077  0.927691584278 -5.508741128073
 129   2.472843385935 -0.372221464417 -5.522403647663
 130   2.479456214992 -0.254390605185 -5.595938281411
 131   0.503835814864  3.785061746590 -5.406701477532
 132  -0.176218268380  3.473072819857 -5.411797905335
 133  -0.127032565224  3.511847274019 -5.411679130295
 134  -1.953193175400 -0.677896878305 -5.546233731272
 135  -1.946952962908 -0.791279070591 -5.551331521900
 136  -1.943251329668 -0.858439405893 -5.620179133030
 137  -1.956774245410 -0.325272926494 -5.516248855886
 138  -1.958159839940 -0.492109534598 -5.533185461821
 139   0.305999796211  3.820436324468 -5.396314115451
 140   0.356360805409  3.846468459421 -5.390221960571
 141   0.350732727321  3.847845828115 -5.594422242549
 142   0.152333929001 -4.491869169995 -5.524423975479
 143   0.268118333211 -4.424919707732 -5.534243432163
 144   1.676860004127 -2.959632576508 -5.534774905370
 145   1.719311998137 -2.890620243042 -5.538090956706
 146  -1.921422008965 -1.109745640545 -5.622151972885
 147  -1.045023535438 -3.469578141914 -5.527160188584
 148  -1.110422153793 -3.373421639821 -5.522769359647
 149   2.162161272911  1.663156383120 -5.479111953737
 150   2.419532059777  0.727273246221 -5.488230823056
 151   2.432368355718  0.634709043055 -5.496393875405
 152  -1.172133297521  2.359335472470 -5.465336834572
 153  -1.125761780630  2.426478142502 -5.468127177408
 154  -0.365101459740  3.306619985840 -5.421978488398
 155  -0.418220404353  3.258309217402 -5.430665488283
 156  -1.406293901812  1.963333369832 -5.493059000881
 157  -1.355947575264  2.056274390980 -5.486561981156
 158  -1.007728112196  2.595163892963 -5.488552853751
 159  -0.929672630337  2.700347781574 -5.565776375902
 160  -1.030444561110  2.566512121040 -5.589752782686
 161   2.436803743703 -0.838235186741 -5.519365765649
 162   2.456528556236 -0.689805523961 -5.584826980693
 163   2.432019908316 -0.882817497495 -5.522073963583
 164   2.430601513143 -0.915669042452 -5.565383332530
 165   2.366242347879 -1.301131015615 -5.530017259921
 166   2.381378313001 -1.218304128011 -5.530210271119
 167  -1.777122670033  1.005352032787 -5.627672581216
 168   1.414356863184  2.989993098779 -5.442022511444
 169   1.384245243940  3.031455656414 -5.518993922424
 170   1.449841701784  2.946585693623 -5.445098969131
 171  -1.517990116106 -2.623316028470 -5.514006432618
 172   1.275475635206 -3.509398288843 -5.570346553197
 173   1.338402933357 -3.430609120749 -5.567373821682
 174   1.277806851078 -3.508772275267 -5.598278615024
 175   1.369622414330 -3.395069350717 -5.609305950467
 176   1.368083642307 -3.397671191438 -5.617636566945
 177   2.315931283256 -1.533152361503 -5.522862001260
 178   2.273982122901 -1.699694288007 -5.512845973707
 179   2.315924985426 -1.534735091356 -5.529543390235
 180   2.234836829784 -1.825082407266 -5.498982115156
 181   2.246774353102 -1.791062361582 -5.503844559022
 182   0.340699099606 -4.377382091310 -5.537788706185
 183   0.268272624209 -4.424827098961 -5.534254926789
 184  -1.448828141296  1.878293093758 -5.496451865772
 185  -1.484720403999  1.807869927433 -5.553276780741
 186  -1.507136502345  1.757107327391 -5.499621868985
 187  -1.509207174969  1.755443587789 -5.534440491467
 188  -0.941801912595 -3.613897536729 -5.531054603115
 189  -0.879189153960 -3.698628636003 -5.532271256982
 190  -0.883080878130 -3.691812439056 -5.579567182807
 191   0.978246982941  3.441627246688 -5.463089947823
 192  -1.573983962271  1.608876331688 -5.565128509050
 193  -1.555523941807  1.651631179111 -5.545439955413
 194  -1.535916032083  1.699827754458 -5.589762465726
 195   0.824712607887 -3.989985738780 -5.553507106372
 196   0.822354391458 -3.992261319863 -5.553310399852
 197  -1.956264875616 -0.324248195646 -5.600691186946
 198  -1.957206842614 -0.349004343378 -5.571673375545
 199  -1.957821888195 -0.414862908986 -5.593685621308
 200   0.985118367633 -3.832867277698 -5.565825145804
 201   1.045696633569 -3.771543239022 -5.569572800135
 202   1.041407996500 -3.779382684561 -5.630755292660
 203  -1.855387783779  0.612315755611 -5.526166606622
 204  -1.884177603469  0.420775312385 -5.530274965348
 205  -1.932867970216  0.039731060252 -5.530831751101
 206  -1.939006409838 -0.024909268479 -5.529043790291
 207   2.244107022731  1.424010989693 -5.487230971973
 208   2.184869404819  1.600577003958 -5.482172842064
 209   2.197831022422  1.577997437963 -5.565193206398
 210   0.252240614264  3.789246638461 -5.401331791954
 211   0.179074217154  3.740412795139 -5.405372078040
 212   0.242913219016  3.784766074210 -5.531485340075
 213   2.352080374458  1.056174189090 -5.486340468170
 214   2.325207307071  1.161497880647 -5.489588980169
 215   1.140305628606  3.284899875293 -5.420507873095
 216   1.063836024806  3.359245528745 -5.424706606639
 217   0.375525926271  3.854778930279 -5.391131469619
 218   0.378371149513  3.857990178199 -5.497172353812
 219   0.386269732477  3.850407617068 -5.393037814727
 220   0.386207108725  3.850505960994 -5.394786836641
 221  -1.789245563775 -1.839452202794 -5.607522246758
 222  -1.817972817141 -1.724167121007 -5.653042557756
 223  -1.904269536626 -1.262309108647 -5.557545957788
 224  -1.917540019681 -1.150137922048 -5.558839104837
 225  -1.918470806724 -1.140723443162 -5.599387408675
 226   0.428845895459 -4.316585159293 -5.540658309635
 227   0.504335995864 -4.259921471876 -5.540961803258
 228   1.225687059951  3.196593151177 -5.416911834236
 229   1.318276835597  3.098819948820 -5.430543162446
 230  -1.745898578510 -2.001067700273 -5.551907180779
 231  -1.739653207301 -2.023213371184 -5.551859138989
 232  -1.767233653881 -1.923312078006 -5.632571193967
 233  -1.625811038314 -2.380852322073 -5.589620997979
 234  -1.652260718181 -2.298578135758 -5.628464098482
 235  -1.611084163607 -2.423859751763 -5.604337282118
 236  -1.955308583714 -0.278434280666 -5.515133606020
 237  -1.949472180604 -0.172216991656 -5.521843097313
 238  -1.954589184895 -0.264179958243 -5.563169090370
 239  -1.950834578023 -0.195542482601 -5.579959040927
 240  -1.770988085012  1.031964840112 -5.498244060353
 241  -1.752056534422  1.103361479921 -5.489436276136
 242  -1.769316398592  1.038304639859 -5.574317191017
 243  -1.750344533723  1.109879678275 -5.622781357823
 244   0.220485109850 -0.352021239614 -3.622391367731
 245   0.222320435796 -0.362694797402 -3.622391367731
 246   0.218456182192 -0.376134104172 -3.622391367731
 247   0.206432186196 -0.387192833693 -3.622391367731
 248   0.194161291684 -0.373798001092 -3.622391367731
 249   0.192742509241 -0.366967197936 -3.622391367731
 250   0.208300901656 -0.338489068877 -3.622391367731
 251   0.196603960546 -0.350522008186 -3.622391367731
 252   0.869678772773  3.538976116615 -5.588052788769
 253   0.691156421914  3.671537242740 -5.586632765153
 254   0.749597579934  3.629066539158 -5.586422427681
 255   0.515186359101  3.785602304161 -5.597356404969
 256   0.431693007461  3.832729659908 -5.607551845918
 257   0.911793516191  3.504305581713 -5.590869570726
 258   0.987697177220  3.439781931932 -5.597433667872
 259   1.134252926916  3.302213779854 -5.619590508164
 260   1.096424199800  3.338510402918 -5.613296132464
 261   0.842339680417  3.024253781437 -5.978554301709
 262   1.907828587759  2.243986273426 -5.593279429459
 263   1.477398476319  2.918367570560 -5.569926466019
 264   1.627360817018  2.708412390012 -5.565461271066
 265   1.709446165992  2.579299749419 -5.570169094079
 266   1.790180106529  2.447940811870 -5.577003107406
 267   1.856925934732  2.335663608992 -5.584506840007
 268   1.384296910529  3.034919718328 -5.579652022260
 269   1.450654352877  2.952976152957 -5.572151578770
 270   1.253539704658  3.178229557120 -5.603585166896
 271   1.306477486095  3.121238803325 -5.593377012010
 272   1.155626755366  3.280408098558 -5.624094485728
 273   0.870464795253  3.026841998616 -5.961636471016
 274   2.113653422838  1.803380325383 -5.583951922247
 275   1.956873278164  2.150360939399 -5.600503125170
 276   2.050203215944  1.950650436654 -5.588513808055
 277   2.295751010896  1.282040387725 -5.601665632128
 278   2.398300630730  0.885235467279 -5.643859238026
 279   2.373875036759  0.991499874781 -5.630140827641
 280   2.196898510683  1.583974699989 -5.586142713020
 281   2.173178308430  1.649602244335 -5.584547881220
 282   2.341810559408  1.122282460630 -5.614852637855
 283   2.333916082003  1.152396913089 -5.611739466600
 284   1.947900252243  2.167820197115 -5.602199455783
 285   1.945832526620  2.167163296863 -5.604051338915
 286   2.474598243247  0.163689942745 -5.609571398715
 287   2.480055477687 -0.071442649160 -5.607500499256
 288   2.465165216133  0.340981965489 -5.615504923166
 289   2.448307303317  0.541418784186 -5.627304598643
 290   2.475594317731 -0.400714087991 -5.614550443990
 291   2.480146250806 -0.249197426998 -5.609251882402
 292   2.427361839208  0.725781911570 -5.642629719407
 293   2.434320653119  0.672071312767 -5.637460711122
 294   2.411354593616  0.816705759503 -5.654855056388
 295   2.010574186360  0.782658403981 -5.984681531902
 296   2.403216160043 -1.111298255128 -5.603034007422
 297   2.325747951194 -1.510444605540 -5.621304710395
 298   2.457454606648 -0.690742035868 -5.605015127566
 299   2.437333252560 -0.871464794532 -5.601693539563
 300   2.368658634373 -1.308318140927 -5.609198560212
 301   2.391777350575 -1.180559451918 -5.604650894193
 302   2.269537532778 -1.747246980626 -5.640091641802
 303   2.275577716697 -1.722444481130 -5.638005486634
 304   2.246497585420 -1.817423761322 -5.650607107732
 305   2.267636830610 -1.753983979048 -5.640859900284
 306   2.472252757965 -0.458211468486 -5.617888148342
 307   2.469973601895 -0.457284111843 -5.619752288571
 308   2.197587187152 -1.948008909932 -5.658106684658
 309   2.134333604680 -2.096307208565 -5.649241569362
 310   1.988053378020 -2.409582128354 -5.639124471735
 311   2.043845713243 -2.295914994971 -5.640947533456
 312   1.875634308717 -2.626073105456 -5.639839722616
 313   1.834327668507 -2.702779091636 -5.641096283396
 314   1.687969456807 -2.950945491055 -5.653812464404
 315   1.743104160802 -2.860509207698 -5.647954776953
 316   2.220366384813 -1.888538676796 -5.663421020005
 317   1.811266142943 -1.729755668865 -5.997223936254
 318   1.214626311724 -3.585266640496 -5.648236220560
 319   1.222556362395 -3.576091680815 -5.647742973268
 320   1.574436187441 -3.120604398589 -5.649979613299
 321   0.692886534125 -4.116093799264 -5.717007132419
 322   1.393400127139 -3.366293322938 -5.643168688517
 323   1.494098603874 -3.234444312164 -5.644557332239
 324   0.940335064253 -3.883906193093 -5.674629648590
 325   0.824576942704 -3.996951410213 -5.692246495907
 326   0.961616888027 -3.862760630325 -5.671571637143
 327   1.007327257308 -3.815991025568 -5.665677730666
 328   1.657017399990 -2.997584251322 -5.658546352872
 329   1.654488334566 -2.996889619517 -5.660509524230
 330   0.626673595260 -4.173048931901 -5.707265556412
 331   0.059392170030 -4.545995668020 -5.700055366790
 332   0.145770750927 -4.500898013480 -5.693219652022
 333   0.221191712019 -4.457000395315 -5.690319223403
 334   0.370346575183 -4.363487460955 -5.689130025767
 335   0.302949905804 -4.407728890895 -5.688318901615
 336   0.451026101757 -4.307847961403 -5.691918981170
 337   0.479120629829 -4.286862035688 -5.693983438748
 338   0.052405723445 -4.548462607514 -5.701409503553
 339   0.692306617625 -4.116603034802 -5.717123862093
 340  -0.360367524301 -4.261429726341 -5.669068472270
 341  -0.105096824220 -4.462763971579 -5.676458966666
 342  -0.218398212557 -4.380789465841 -5.668555466709
 343  -0.018685632430 -4.518018798493 -5.687033031423
 344   0.042890748895 -4.551770965896 -5.698086708455
 345  -0.501585772501 -4.126147144844 -5.679939055831
 346   0.045839399067 -4.550757118917 -5.700262043042
 347  -1.248441636667 -3.149775920563 -5.651194546372
 348  -0.778875433706 -3.815793305907 -5.672848885832
 349  -0.673340410488 -3.942909959470 -5.687474828978
 350  -1.355052043069 -2.958469505438 -5.663613807385
 351  -1.267000445064 -3.118926461826 -5.652295750433
 352  -1.070273934546 -3.430380144177 -5.647348801689
 353  -1.073437695981 -3.425726065513 -5.647274981557
 354  -0.865089500466 -3.710381033127 -5.661578428496
 355  -0.943342740318 -3.607778222933 -5.654342490614
 356  -0.911339857722 -3.651028085639 -5.656744471434
 357  -0.622357762594 -3.996738322139 -5.697817914475
 358  -0.296873419973 -3.766523453795 -6.011978357487
 359  -1.413542580242 -2.848150400059 -5.657672426812
 360  -1.526323843411 -2.613333949748 -5.640192367015
 361  -1.844221454953 -1.608844726179 -5.679105637534
 362  -1.740688853427 -2.017065477826 -5.645563285220
 363  -1.545888499595 -2.570731242961 -5.637640849778
 364  -1.817795626900 -1.723756079933 -5.667785927362
 365  -1.740783797815 -2.016756442285 -5.645577231773
 366  -1.764681456214 -1.931882370885 -5.650912324452
 367  -1.651060512884 -2.301732145530 -5.634216235525
 368  -1.606016138279 -2.437032612882 -5.630511948810
 369  -1.371798888087 -2.926772872643 -5.666276098105
 370  -1.359628917532 -2.924581914520 -5.675248151770
 371  -1.955967648381 -0.581090490966 -5.628824584214
 372  -1.875116315420 -1.453480760972 -5.661995434730
 373  -1.895126783745 -1.328065203798 -5.651122837308
 374  -1.943792601187 -0.848589885547 -5.629814025738
 375  -1.952583076916 -0.688862348459 -5.628116583786
 376  -1.920148231345 -1.118123909793 -5.639090581226
 377  -1.957168339040 -0.420563775873 -5.632674245305
 378  -1.955798100057 -0.337513631350 -5.636115200993
 379  -1.903063557494 -1.269075089833 -5.647082501783
 380  -1.907357335829 -1.232875889459 -5.645022793952
 381  -1.844900022469 -1.605434412805 -5.679514603189
 382  -1.428672339181 -1.538106594019 -5.984412062139
 383  -1.732399623077  1.170040791028 -5.649229231591
 384  -1.947070459314 -0.145589048940 -5.625631153823
 385  -1.913327522162  0.207286158267 -5.612712613449
 386  -1.905365720741  0.270265842976 -5.611973175402
 387  -1.824658996427  0.781948036304 -5.618902689217
 388  -1.816295838178  0.823965359504 -5.620873457958
 389  -1.776920922320  1.005933092798 -5.631956929565
 390  -1.748432420731  1.116390053042 -5.642389199362
 391  -1.860873130483  0.574843880437 -5.613232868783
 392  -1.882283949243  0.432443243722 -5.612152122435
 393  -1.929987798372  0.055944247767 -5.616485841205
 394  -1.941505099159 -0.066671065260 -5.621142294922
 395  -1.954275531573 -0.306548000453 -5.638134435187
 396  -1.951125368754 -0.304793954119 -5.640478629135
 397  -1.225653623495  2.281960440622 -5.629925958474
 398  -1.314537119588  2.136643178869 -5.616060426493
 399  -1.482898620197  1.812872900449 -5.608023371381
 400  -1.690780564062  1.294807151650 -5.642544309411
 401  -1.663728936280  1.371681409178 -5.634498465042
 402  -1.381260850748  2.016327780596 -5.609870039711
 403  -1.351578146116  2.071460911667 -5.612019133389
 404  -1.567562140821  1.626083869743 -5.612989618598
 405  -1.537757194665  1.696324191079 -5.609556953728
 406  -1.297283580435  1.145432842279 -6.001757144732
 407  -1.722503218776  1.199691301151 -5.653845830296
 408  -1.307550248140  1.140621617089 -5.995656855734
 409  -0.691131214875  2.987041926019 -5.578320988883
 410  -0.560399628859  3.119950422873 -5.586472943366
 411  -0.810096585187  2.852114141302 -5.579328124834
 412  -1.169182324397  2.366470303021 -5.629599096707
 413  -0.337681672658  3.332081364372 -5.608975588652
 414  -0.435075965606  3.243425700523 -5.596659108563
 415  -0.933382389094  2.695795615526 -5.590309287972
 416  -1.030622802294  2.566478312164 -5.602599906225
 417  -1.197000523909  2.324940837119 -5.635847895817
 418  -1.193130069444  2.323316137045 -5.639439532919
 419   0.245546327862  3.786685252136 -5.585610317181
 420   0.088215728981  3.677946351907 -5.585048099089
 421   0.350759652385  3.847863970703 -5.594769876699
 422   0.379766536217  3.860523321155 -5.600497712198
 423  -0.182876429586  3.468504826559 -5.600883567404
 424  -0.076925276088  3.552003194133 -5.593444580789
 425   0.393197406215  3.853668597133 -5.612829273328
 426   0.393114521985  3.850814537366 -5.614957835623
 427  -0.289463432925  3.374638983455 -5.615877317889
 428   0.409176637595  2.658447743095 -6.156027922757
 429   1.157048410429  1.842131795747 -6.154696196075
 430   0.839600322991  3.014410405722 -5.983096261933
 431   1.236047297891  1.692707666773 -6.154459338215
 432   1.677737851749 -0.376866713959 -6.151256656917
 433   2.008698594590  0.781060422211 -5.986239848640
 434   2.008296055669  0.776744608808 -5.986615105708
 435   1.673800591783 -0.433129577384 -6.151171492935
 436   1.008810341874 -2.547680967238 -6.148032449828
 437   1.802183733908 -1.730181212408 -6.003252407648
 438   1.781030753430 -1.763016471767 -6.006151080337
 439   0.967217429098 -2.613124877380 -6.147937806611
 440   0.126642895004 -3.470758801933 -6.146732791370
 441   0.471768204831 -3.831173010310 -6.000464579024
 442   0.453213481599 -3.852613557908 -5.999921146724
 443   0.459086546410 -3.849821170168 -5.999270487361
 444   0.050860362314 -3.464980949909 -6.146750630941
 445  -0.579099310979 -2.664793081537 -6.148043736031
 446  -0.298265825319 -3.725464848134 -6.028813097309
 447  -0.309358867066 -3.706655555145 -6.029631222847
 448  -0.632721483154 -2.551488544341 -6.148222589685
 449  -1.105755076753 -0.284478621322 -6.151729515545
 450  -1.428023213491 -1.537500875947 -5.984902296922
 451  -1.426251044219 -1.512097443562 -5.986939514929
 452  -1.102651110070 -0.210264111510 -6.151842101989
 453  -0.532876223394  1.807564263632 -6.154845294485
 454  -1.296166547489  1.145093097748 -6.002441412928
 455   0.383124793825  2.659939004440 -6.156033302084
 456  -0.486795417358  1.873406607426 -6.154940008451
 457  -0.018436309537  3.119100020441 -5.952812761552
 458  -0.005676493247  3.128870340445 -5.953264288396
 459  -0.015171167756  3.123234174524 -5.952525450369
# facets:  num_of_sides   plane_coeff
#          vertex_inds
   0   8    0.370165446464  0.333292636771  0.867117962286  3.176750739413
    18 250 244 0 1 22 21 19 (18)
   1   6    0.609880607067  0.104869409450  0.785524062066  2.747922248441
    0 244 245 3 4 2 (0)
   2   5    0.601061168979 -0.172825341939  0.780292811917  2.630214912782
    3 245 246 5 6 (3)
   3   7    0.358692976152 -0.390001663501  0.848079036014  2.847022554733
    5 246 247 8 27 26 7 (5)
   4   8   -0.388990695158 -0.356351133977  0.849529345223  3.019651361026
    8 247 248 10 11 25 24 9 (8)
   5   6   -0.635646630029 -0.132026096718  0.760606647038  2.829281832164
    10 248 249 13 14 12 (10)
   6   5   -0.622991054858  0.146282874078  0.768429220109  2.957309249192
    13 249 251 15 16 (13)
   7   6   -0.371751888805  0.361371385609  0.855108914018  3.297295666073
    15 251 250 18 20 17 (15)
   8   6    0.023850259941  0.413372691538 -0.910249516886 -6.712210110671
    428 455 458 426 261 430 (428)
   9   8    0.481440268835  0.253202051799 -0.839109044469 -6.187942492222
    429 430 261 273 285 295 433 431 (429)
  10   6    0.553876031493 -0.040018927095 -0.831636836132 -6.059952209156
    432 434 307 317 437 435 (432)
  11   5    0.444320659530 -0.283617178595 -0.849788472221 -6.395328467038
    436 438 329 441 439 (436)
  12   7   -0.028757944040 -0.380044847482 -0.924520900011 -6.998184942643
    440 442 338 346 358 446 444 (440)
  13   6   -0.452455669211 -0.215493827768 -0.865359045479 -6.156528486615
    445 447 370 382 450 448 (445)
  14   7   -0.517741966662  0.020356655871 -0.855294605688 -5.828245844983
    396 408 406 454 452 449 451 (396)
  15   6   -0.430315672608  0.299938510103 -0.851390223144 -6.011638231324
    453 454 406 418 457 456 (453)
  16  12    0.303718171580  0.362164018133  0.881244855997  3.240790601494
    19 21 215 216 45 43 99 98 131 219 217 50 (19)
  17  14    0.445575207310  0.304585987235  0.841837342371  3.040385415818
    1 28 56 120 119 107 106 74 170 168 68 229 228 22 (1)
  18  16    0.585972399760  0.173920038386  0.791446881962  2.780203019953
    0 2 30 113 114 213 214 58 207 208 149 49 52 51 28 1 (0)
  19  12    0.646802921337  0.022467056237  0.762326184998  2.602521972275
    2 4 35 80 81 60 59 69 70 151 150 30 (2)
  20  15    0.637216874262 -0.114670461413  0.762105859074  2.557447707985
    3 6 31 180 181 178 177 165 166 96 163 161 44 35 4 (3)
  21  13    0.538256729537 -0.293134005775  0.790159571078  2.603205230758
    5 7 34 144 145 124 123 75 76 72 71 31 6 (5)
  22  14    0.429502850764 -0.374047805944  0.821958356642  2.718089747263
    7 26 79 196 195 200 201 104 172 173 102 103 57 34 (7)
  23  13    0.306646140062 -0.403912565318  0.861871675114  2.900309534933
    8 9 83 89 88 142 143 183 182 226 227 42 27 (8)
  24   9   -0.327546253000 -0.379643468119  0.865207656728  3.047368939586
    9 24 91 92 40 48 47 84 83 (9)
  25  14   -0.442002481467 -0.338549091822  0.830673412843  2.954739492377
    11 37 62 61 100 101 67 148 147 188 189 94 93 25 (11)
  26  12   -0.620608756256 -0.173360912941  0.764716133949  2.815206126596
    10 12 33 115 116 230 231 108 54 38 37 11 (10)
  27  14   -0.664378298823 -0.070021353904  0.744109189603  2.781877070753
    12 14 36 137 138 63 134 135 86 224 223 112 111 33 (12)
  28  19   -0.661406206546  0.083426261265  0.745373657217  2.840810804024
    13 16 32 82 241 240 64 128 127 203 204 126 125 205 206 237 236 36 14 (13)
  29  15   -0.566689194021  0.252143141702  0.784402443566  3.016796301093
    15 17 29 65 66 157 156 184 186 118 41 122 121 32 16 (15)
  30  13   -0.447193756859  0.343177109306  0.825982575769  3.180432375883
    17 20 23 154 155 73 39 77 78 53 153 152 29 (17)
  31  12   -0.302842552081  0.381482882329  0.873359719210  3.348162079047
    18 19 50 140 139 210 211 46 133 132 23 20 (18)
  32  14    0.396190927204  0.541500165991 -0.741491955069 -6.404411181316
    261 426 425 256 255 253 254 252 257 258 260 259 272 273 (261)
  33  14    0.548956610038  0.376223283512 -0.746393114410 -6.066340251135
    264 265 266 267 262 284 285 273 272 270 271 268 269 263 (264)
  34  14    0.605214437078  0.237213184566 -0.759898276232 -5.950234596728
    274 281 280 277 283 282 279 278 294 295 285 284 275 276 (274)
  35  14    0.635023492519  0.007935103711 -0.772452068467 -5.905851945829
    292 293 289 288 286 287 291 290 306 307 434 433 295 294 (292)
  36  14    0.610636296954 -0.082462949458 -0.787605976875 -5.972115021474
    297 303 302 305 304 316 317 307 306 298 299 296 301 300 (297)
  37  14    0.540238159837 -0.277909729873 -0.794297748139 -6.222812486369
    314 328 329 438 437 317 316 308 309 311 310 312 313 315 (314)
  38  15    0.496546413215 -0.387413653394 -0.776757568800 -6.379409820758
    320 323 322 319 318 327 326 324 325 321 339 443 441 329 328 (320)
  39  12    0.337605711390 -0.528582657159 -0.778859909219 -6.862530210968
    334 335 333 332 331 338 442 443 339 330 337 336 (334)
  40   9   -0.405003934459 -0.485052437792 -0.775045770045 -6.606754681962
    341 342 340 345 357 358 346 344 343 (341)
  41  16   -0.517785358783 -0.339526269045 -0.785251701595 -6.153466600982
    348 354 356 355 352 353 347 351 350 369 370 447 446 358 357 349 (348)
  42  14   -0.556089769457 -0.207170397400 -0.804887939247 -5.929901318354
    359 360 363 368 367 362 365 366 364 361 381 382 370 369 (359)
  43  16   -0.588266046399 -0.023784666452 -0.808317603603 -5.714328397921
    372 373 379 380 376 374 375 371 377 378 395 396 451 450 382 381 (372)
  44  16   -0.625811808845  0.088213071480 -0.774969698717 -5.565350509284
    387 388 389 390 383 407 408 396 395 384 394 393 385 386 392 391 (387)
  45  14   -0.584860291532  0.285280448792 -0.759311204268 -5.642700693648
    400 401 404 405 399 402 403 398 397 417 418 406 408 407 (400)
  46  13   -0.500514983309  0.446837107420 -0.741499393739 -5.816964333782
    413 427 459 457 418 417 412 416 415 411 409 410 414 (413)
  47  11   -0.388374777195  0.558135053433 -0.733246407812 -6.113746475668
    423 424 420 419 421 422 425 426 458 459 427 (423)
  48   3    0.219068191828  0.199142122463 -0.955170949302 -6.499105547061
    428 430 429 (428)
  49   4    0.276781799640  0.057586659978 -0.959205719322 -6.342985372951
    433 434 432 431 (433)
  50   4    0.261749963654 -0.083743223797 -0.961495724897 -6.388714004760
    437 438 436 435 (437)
  51   5    0.200283732728 -0.197648118267 -0.959594522572 -6.609724576207
    439 441 443 442 440 (439)
  52   4   -0.204672746916 -0.162691421273 -0.965215296249 -6.486250676577
    446 447 445 444 (446)
  53   4   -0.271380917120 -0.058112427788 -0.960716057719 -6.226677898508
    450 451 449 448 (450)
  54   3   -0.253520147121  0.070150655769 -0.964783095052 -6.199987369772
    452 454 453 (452)
  55   5   -0.212671613541  0.233900232000 -0.948715693063 -6.381005982861
    455 456 457 459 458 (455)
  56  16    0.000119361004 -0.001522031277 -0.999998834586 -6.152023347558
    428 429 431 432 435 436 439 440 444 445 448 449 452 453 456 455 (428)
  57   8    0.000000000000  0.000000000000  1.000000000000  3.622391367731
    250 251 249 248 247 246 245 244 (250)
  58   7    0.717589433038  0.695392538480  0.038660354613 -2.893007375898
    21 22 228 270 272 259 215 (21)
  59   6   -0.661303044676  0.750101064569  0.005164884693 -2.693737984746
    23 132 423 427 413 154 (23)
  60   5   -0.883703722678 -0.467897035974 -0.011836141768 -2.648758983438
    61 359 369 350 100 (61)
  61   5   -0.734227817275 -0.678713213001 -0.016058855418 -3.262414126612
    25 93 95 91 24 (25)
  62   7    0.654905249858 -0.754711466277  0.038855068889 -3.338103509363
    26 27 42 330 339 321 79 (26)
  63   6    0.886288727483  0.460390129498  0.050331105668 -2.442480164317
    28 51 275 284 262 56 (28)
  64   6   -0.831434471327  0.555546752570  0.009193780383 -2.235026081928
    29 152 412 417 397 65 (29)
  65   6    0.982590216800  0.179452837618  0.048095165244 -2.243962410599
    30 150 292 294 278 113 (30)
  66   6    0.934078781639 -0.352958959099  0.054007433590 -2.434706938467
    31 71 308 316 304 180 (31)
  67   6   -0.948599833644  0.316476846749 -0.000872400964 -2.018573207392
    32 121 400 407 383 82 (32)
  68   4    0.542115710276  0.839588937957  0.034655041951 -3.263663816036
    98 253 255 131 (98)
  69   7   -0.980785151227 -0.195090296322  0.000513238532 -2.119740277116
    33 111 372 381 361 117 115 (33)
  70   6    0.830899378282 -0.555189214828  0.037029162968 -2.831509939264
    34 57 320 328 314 144 (34)
  71   8    0.996971000784 -0.060759042542  0.048550616316 -2.219852864411
    35 44 162 298 306 290 129 80 (35)
  72   5   -0.541942697601 -0.839320988650 -0.042876456582 -4.046034371591
    47 341 343 85 84 (47)
  73   6   -0.999490618626  0.031410258088 -0.005647916913 -1.976715909696
    36 236 238 197 198 137 (36)
  74   4    0.460773329037 -0.887026417999  0.029530882467 -3.891456916453
    88 331 332 142 (88)
  75   5    0.950059109534  0.308692917273  0.045786146549 -2.320377264923
    58 277 280 209 207 (58)
  76   6   -0.502255796609  0.864696677848  0.006226563310 -3.116227934809
    139 141 421 419 212 210 (139)
  77   4   -0.985039212073  0.171916863413 -0.011930748200 -1.998828427040
    127 387 391 203 (127)
  78   5   -0.951033714063 -0.309009585481 -0.006924651374 -2.320613475989
    55 109 110 234 233 (55)
  79   5    0.976431471499 -0.210220195616  0.048877917534 -2.313701786697
    165 177 179 297 300 (165)
  80   6    0.754400641232 -0.654635529622  0.048290743050 -2.990600270449
    104 105 318 319 174 172 (104)
  81   4   -0.813466387319 -0.581311665186 -0.018686482330 -2.970280948400
    147 352 355 188 (147)
  82   4    0.997008810860  0.054868714812  0.054432115546 -2.170836870102
    59 286 288 69 (59)
  83   4    0.813534804564  0.581360556871  0.013454541116 -2.823598072022
    74 106 264 263 (74)
  84   4    0.886377007803 -0.460435987451  0.048316679292 -2.599159362588
    75 123 312 310 (75)
  85   5   -0.894489741611  0.446951189581  0.011078640915 -2.074574025857
    156 402 399 185 184 (156)
  86   5   -0.995753017304 -0.086241557636 -0.032223008350 -2.190130605527
    87 136 374 376 146 (87)
  87   4   -0.750088016318  0.661291541094  0.007839990692 -2.449980815922
    39 409 411 77 (39)
  88   4   -0.643107377390 -0.765068637722 -0.032907153030 -3.678594152681
    40 340 342 48 (40)
  89   4    0.568196764177 -0.822112281745  0.035830620736 -3.593861298261
    182 334 336 226 (182)
  90   5    0.636737425981  0.769683329746  0.046400670970 -3.018358545717
    43 45 191 257 252 (43)
  91   4   -0.606661069200  0.794916467544  0.008375962325 -2.823362920949
    46 420 424 133 (46)
  92   6   -0.920104542614 -0.364295159443  0.143863363878 -1.559107418491
    55 233 235 171 38 54 (55)
  93   4   -0.993881420626  0.109725530364 -0.012650285387 -1.995367675856
    125 385 393 205 (125)
  94   4    0.916309667704  0.396522601480  0.056092953106 -2.338621770283
    49 274 276 52 (49)
  95   4    0.989952244354 -0.140891068311  0.012010860474 -2.468343969984
    97 296 299 164 (97)
  96   4    0.852267411499  0.522270141473  0.029566173619 -2.639307917494
    107 119 266 265 (107)
  97   4   -0.794737167013  0.606524231359  0.022829632980 -2.249607123195
    53 78 159 158 (53)
  98   4   -0.844049036351 -0.535649806542 -0.025700369381 -2.886160610155
    67 347 353 148 (67)
  99   4    0.700804974878 -0.711900566398  0.045496931207 -3.165768275031
    195 324 326 200 (195)
 100   4   -0.923307328963  0.382446417895  0.035189682053 -1.872744815107
    41 118 193 192 (41)
 101   6   -0.907815801295 -0.418508816734  0.026848486660 -2.327893572453
    38 171 363 360 62 37 (38)
 102   3    0.788290618489 -0.611460881514  0.068654870041 -2.770506427032
    102 173 175 (102)
 103   4   -0.712608260989  0.701501639430  0.009215001189 -2.536516386752
    39 73 410 409 (39)
 104   5    0.998659557184  0.000000000000  0.051759915418 -2.186487353591
    60 81 130 291 287 (60)
 105   4   -0.966564272950 -0.256279873228  0.008610042677 -2.152554408965
    116 221 232 230 (116)
 106   4   -0.999501311695 -0.031410594132 -0.003240755470 -1.991486271818
    63 371 375 134 (63)
 107   5   -0.775209493868 -0.631119751877 -0.027167984968 -3.166134028445
    94 189 190 354 348 (94)
 108   4    0.910684951540 -0.411190022388  0.039694892951 -2.581440064020
    72 76 311 309 (72)
 109   4   -0.972368141839  0.233444936862 -0.001912639391 -1.973475518558
    64 240 242 167 (64)
 110   4    0.971497790818  0.233235984069  0.042344045297 -2.299064864655
    114 279 282 213 (114)
 111   5    0.474670506615  0.879718796176  0.027977666186 -3.419750047366
    220 256 425 422 218 (220)
 112   4   -0.868248088521  0.495239966150  0.029709135100 -2.032647139008
    66 398 403 157 (66)
 113   4    0.993050982422  0.109633849133  0.042780432853 -2.249913271608
    70 289 293 151 (70)
 114   3    0.764633661740  0.642741741879  0.047100069860 -2.746938599348
    68 168 169 (68)
 115   4    0.863651568193 -0.501648748616  0.049542928551 -2.660589286472
    124 145 315 313 (124)
 116   4   -0.689760054192 -0.723054883516 -0.037718736255 -3.543644795998
    40 92 345 340 (40)
 117   4   -0.991094384478 -0.133120618201 -0.003289690817 -2.073632821089
    112 223 379 373 (112)
 118   4    0.957901366521 -0.278296073074  0.070542666023 -2.262377976391
    178 181 305 302 (178)
 119   5   -0.935442876859  0.353474407730  0.001570736473 -2.032327343925
    41 192 404 401 122 (41)
 120   4    0.515672038174 -0.856528397850  0.021010776346 -3.812051764237
    143 333 335 183 (143)
 121   4    0.612462317570 -0.789581662071  0.038088167166 -3.461397589496
    42 227 337 330 (42)
 122   4    0.600075781649  0.799225902582  0.033867579175 -3.161060730115
    43 252 254 99 (43)
 123   3    0.992456707763 -0.101685171798  0.068482180548 -2.125680107035
    44 161 162 (44)
 124   5    0.684049745886  0.728438992771  0.038112713948 -2.967971900711
    45 216 260 258 191 (45)
 125   5   -0.568561202871  0.822639580640  0.001509620818 -2.967036898686
    46 211 212 419 420 (46)
 126   4   -0.990019726560  0.140900672451 -0.002818071311 -1.940245229463
    126 204 392 386 (126)
 127   4   -0.587421671129 -0.808516567835 -0.035167311875 -3.869580564300
    47 48 342 341 (47)
 128   4    0.931425247215  0.360341251995  0.051001872139 -2.333750484198
    49 149 281 274 (49)
 129   7   -0.397089590733  0.917619902559  0.017133924192 -3.295733192111
    218 422 421 141 140 50 217 (218)
 130   5   -0.997490513037  0.070626116221 -0.004962671451 -1.959820081409
    206 394 384 239 237 (206)
 131   5    0.984964864865 -0.163943104857  0.054469012766 -2.244081435809
    96 166 301 296 97 (96)
 132   4    0.744611545235 -0.666929728627 -0.027538768618 -3.451091152835
    105 202 327 318 (105)
 133   4   -0.487807093307 -0.871042240875 -0.057703157025 -4.272659962615
    85 343 344 90 (85)
 134   4    0.775476965968 -0.631337508401 -0.006958860450 -3.245086965425
    174 319 322 176 (174)
 135   4    0.903751338043  0.425273098781  0.048747414694 -2.410007455377
    51 52 276 275 (51)
 136   4   -0.817971854003  0.574880247536  0.020850588736 -2.201762135141
    53 158 160 153 (53)
 137   4   -0.997386601150 -0.070618758865  0.015262986046 -1.913014048598
    86 135 136 87 (86)
 138   3    0.971501360761 -0.233236841136  0.042257330455 -2.374217297142
    179 303 297 (179)
 139   4   -0.930236950156 -0.326675965171  0.167158698079 -1.357531931262
    54 108 109 55 (54)
 140   4    0.875204310623  0.481147641384  0.050143412909 -2.468962386748
    56 262 267 120 (56)
 141   4    0.817140119465 -0.574295694712  0.049663670777 -2.798085917893
    57 103 323 320 (57)
 142   4    0.959204076554  0.278674545326  0.047623915309 -2.292592500889
    58 214 283 277 (58)
 143   4    0.998902028574  0.023540430998  0.040504140775 -2.248523667268
    59 60 287 286 (59)
 144   4   -0.901454426088 -0.432872249695 -0.001238196656 -2.514134797644
    61 62 360 359 (61)
 145   5   -0.999847290563 -0.007852943728 -0.015611752911 -2.048108043174
    63 138 199 377 371 (63)
 146   5   -0.977450453781  0.210439576761 -0.017486993312 -2.047026289316
    64 167 389 388 128 (64)
 147   4   -0.852595188194  0.522471003289  0.010271114412 -2.179418929009
    65 397 398 66 (65)
 148   4   -0.856666150964 -0.515754972293 -0.010950540989 -2.755893921743
    67 101 351 347 (67)
 149   5    0.739067391924  0.672499583196  0.039034610216 -2.846271411095
    68 169 268 271 229 (68)
 150   4   -0.974015553391 -0.225764683010 -0.018000268262 -2.261746125602
    117 361 364 222 (117)
 151   4    0.995377413433  0.086209026816  0.042329759307 -2.245462528142
    69 288 289 70 (69)
 152   4    0.919808062396 -0.389488398123  0.047454357859 -2.511583462997
    71 72 309 308 (71)
 153   4   -0.701512536720  0.712619330811  0.007338268137 -2.575469311327
    73 155 414 410 (73)
 154   4    0.789646838971  0.612512873955  0.035858735941 -2.754430222270
    74 263 269 170 (74)
 155   4    0.896773908396 -0.439325004551  0.052821374425 -2.543557772264
    75 310 311 76 (75)
 156   5   -0.785311028375  0.619089296149  0.003877125970 -2.380259360702
    77 411 415 159 78 (77)
 157   5   -0.904792020609  0.425762806824  0.008799532194 -2.064220711239
    185 399 405 194 187 (185)
 158   4   -0.952916336878 -0.301367864930 -0.033583699883 -2.456208465370
    110 362 367 234 (110)
 159   4    0.666755194678 -0.744416682135  0.035795442852 -3.321431783260
    79 321 325 196 (79)
 160   4    0.997787318526 -0.015674495745  0.064612515605 -2.116389763087
    80 129 130 81 (80)
 161   5   -0.958071506294  0.286524136082  0.001705365216 -1.985373644183
    82 383 390 243 241 (82)
 162   5   -0.425547696392 -0.904334887672 -0.032978311577 -4.287412198027
    85 90 89 83 84 (85)
 163   5   -0.995561463696 -0.094108265969  0.001003135145 -2.011690167287
    87 146 225 224 86 (87)
 164   7    0.331323287523 -0.943470586639  0.009387826789 -4.255180076321
    88 89 90 344 346 338 331 (88)
 165   6   -0.728627142001 -0.684226429775 -0.030605240345 -3.362523837477
    91 95 349 357 345 92 (91)
 166   6   -0.998416344329  0.047084119572 -0.030787807008 -2.110332884214
    197 238 239 384 395 378 (197)
 167   5   -0.770362943810 -0.637299651631 -0.019750666739 -3.143863064324
    93 94 348 349 95 (93)
 168   4    0.988781442190 -0.132809951212  0.068357709433 -2.144506773682
    97 164 163 96 (97)
 169   4    0.587286533630  0.808330567024  0.041185213755 -3.143635975893
    99 254 253 98 (99)
 170   4   -0.876239143654 -0.481716545657 -0.012415021874 -2.682807241723
    100 350 351 101 (100)
 171   6    0.794222522565 -0.606131467133  0.042605506695 -2.906656013213
    102 175 176 322 323 103 (102)
 172   4    0.739194124592 -0.672614901050  0.034369187567 -3.118347297928
    104 201 202 105 (104)
 173   4    0.844030748865  0.535638200951  0.026529467629 -2.676622984445
    106 107 265 264 (106)
 174   6   -0.955756610311 -0.294029125750 -0.008727832349 -2.306024407050
    108 231 365 362 110 109 (108)
 175   4   -0.987600772348 -0.156420595593 -0.013315845163 -2.154614902186
    111 112 373 372 (111)
 176   4    0.974801238416  0.217893892347  0.047799552932 -2.260979878150
    113 278 279 114 (113)
 177   5   -0.970504675280 -0.241074614161  0.001925010772 -2.169121874195
    115 117 222 221 116 (115)
 178   5   -0.914045200957  0.404095156123  0.035049613491 -1.894869826089
    187 194 193 118 186 (187)
 179   4    0.860067723620  0.508642633841  0.039575015167 -2.564093208566
    119 120 267 266 (119)
 180   4   -0.943492318456  0.331330919193  0.006485907871 -1.987651095572
    122 401 400 121 (122)
 181   4    0.878627332549 -0.474081584797  0.057102201838 -2.570909202959
    124 313 312 123 (124)
 182   4   -0.992086527738  0.125329674414  0.007536192198 -1.881867083607
    126 386 385 125 (126)
 183   4   -0.980781747902  0.195089619358 -0.002683915445 -1.957222844309
    128 388 387 127 (128)
 184   4    0.998725699488 -0.031386219536  0.039520657968 -2.263125839222
    129 290 291 130 (129)
 185   5    0.488378026472  0.872061715396  0.031547865234 -3.376299890965
    131 255 256 220 219 (131)
 186   4   -0.619091473969  0.785313790926  0.002827833138 -2.821243548381
    132 133 424 423 (132)
 187   5   -0.998489094185 -0.054950179733 -0.000080873178 -1.987941181323
    134 375 374 136 135 (134)
 188   4   -0.999959292097  0.007853823403  0.004442027431 -1.929636624375
    137 198 199 138 (137)
 189   3   -0.460893874641  0.887258478164  0.018687676290 -3.147836516104
    140 141 139 (140)
 190   4    0.502086276442 -0.864404827507  0.026714512758 -3.811695875487
    142 332 333 143 (142)
 191   4    0.851908861680 -0.522050421861  0.041408313483 -2.744423638092
    144 314 315 145 (144)
 192   4   -0.993752813718 -0.109711332030 -0.020463842567 -2.146221033045
    146 376 380 225 (146)
 193   4   -0.827042819727 -0.562057719888 -0.009554781642 -2.867193199549
    148 353 352 147 (148)
 194   5    0.939472881755  0.338231049665  0.054685112148 -2.294197159438
    149 208 209 280 281 (149)
 195   4    0.989913318048  0.132961981147  0.048915583626 -2.223366687287
    151 293 292 150 (151)
 196   5   -0.822600068264  0.568533894186  0.009916594858 -2.251361583259
    152 153 160 416 412 (152)
 197   4   -0.673011137282  0.739629582524  0.002022313104 -2.680426370189
    154 413 414 155 (154)
 198   4   -0.879746707871  0.474685566948  0.026820561553 -2.021821517137
    156 157 403 402 (156)
 199   5   -0.799648463008  0.600393048991  0.009514322436 -2.311726736816
    158 159 415 416 160 (158)
 200   3   -0.789683275279 -0.612541136853 -0.034549680287 -3.151513450949
    190 356 354 (190)
 201   6    0.992686709358 -0.109593633012  0.050619489000 -2.231460454459
    161 163 164 299 298 162 (161)
 202   4    0.982674700470 -0.179468267075  0.046277145212 -2.302844807290
    165 300 301 166 (165)
 203   5   -0.968514797670  0.248672334412 -0.011880942439 -2.038034894104
    167 242 243 390 389 (167)
 204   5    0.774973566735  0.630927676993  0.036691106087 -2.782884757641
    168 170 269 268 169 (168)
 205   4   -0.910975957824 -0.411321416764  0.030618562625 -2.293047614165
    171 235 368 363 (171)
 206   5    0.779412592669 -0.624427233023  0.051055274448 -2.901090062754
    172 174 176 175 173 (172)
 207   5    0.968977853025 -0.240695349541  0.056104091269 -2.303253612371
    177 178 302 303 179 (177)
 208   4    0.944584331321 -0.323403501615  0.056308224682 -2.391591973253
    180 304 305 181 (180)
 209   4    0.548762301166 -0.835410762393  0.030802514450 -3.673297115451
    182 183 335 334 (182)
 210   4   -0.900966876416  0.432638131677  0.032907971976 -1.937090295784
    184 185 187 186 (184)
 211   5   -0.804223750427 -0.594008879017 -0.019432212902 -3.011587321601
    188 355 356 190 189 (188)
 212   3    0.649045171179  0.759934257063  0.035217761304 -3.057939127533
    191 258 257 (191)
 213   5   -0.920718090286  0.389873745153  0.016633131410 -1.983888634999
    193 194 405 404 192 (193)
 214   4    0.695477790552 -0.717677406351  0.035352273800 -3.240762814985
    196 325 324 195 (196)
 215   5   -0.999695115963  0.015704465822 -0.019053736461 -2.057290390854
    197 378 377 199 198 (197)
 216   5    0.712070916636 -0.700972670058  0.039903953589 -3.166110920358
    200 326 327 202 201 (200)
 217   4   -0.988885096004  0.148672223004 -0.001684342204 -1.935107626896
    203 391 392 204 (203)
 218   4   -0.995439867804  0.094096771773 -0.015661006638 -2.014410794030
    205 393 394 206 (205)
 219   3    0.946780662116  0.315869925213  0.061907739327 -2.234777313017
    207 209 208 (207)
 220   3   -0.555535445861  0.831417549640  0.011190466552 -2.949874130269
    210 212 211 (210)
 221   4    0.967349155182  0.248373048290  0.050462271571 -2.260754963386
    213 282 283 214 (213)
 222   4    0.695320149124  0.717514733017  0.041261339360 -2.926184121883
    215 259 260 216 (215)
 223   4    0.382403854581  0.923204572033  0.038217930071 -3.496314208802
    217 219 220 218 (217)
 224   5   -0.968416124600 -0.248646999474 -0.018570925311 -2.294245402555
    221 222 364 366 232 (221)
 225   5   -0.993058429742 -0.117536210659 -0.004493807047 -2.064392484350
    225 380 379 223 224 (225)
 226   4    0.599895090044 -0.798985243958  0.041814601262 -3.474469975688
    226 336 337 227 (226)
 227   4    0.728343962401  0.683960506430  0.041389589013 -2.854861485896
    229 271 270 228 (229)
 228   5   -0.962431042042 -0.271433626336 -0.007090543563 -2.262830090365
    230 232 366 365 231 (230)
 229   5   -0.948317975969 -0.316382811915 -0.024391243891 -2.431384394591
    233 234 367 368 235 (233)
 230   4   -0.998488184270  0.054950129657  0.001352451122 -1.929593568981
    236 237 239 238 (236)
 231   4   -0.966600095296  0.256289371351  0.000117926509 -1.975670483138
    240 241 243 242 (240)
# edges:  vertex1 vetrex2 facet ind_in_list
   0    2    18    0
   0  244     1    0
   0    1     0    3
   1    0    18   15
   1   28    17    0
   1   22     0    4
   2    4    19    0
   2   30    18    1
   2    0     1    5
   3    6    20    0
   3  245     2    0
   3    4     1    3
   4    3    20   14
   4   35    19    1
   4    2     1    4
   5    7    21    0
   5  246     3    0
   5    6     2    3
   6    5    21   12
   6   31    20    1
   6    3     2    4
   7   26    22    0
   7   34    21    1
   7    5     3    6
   8    9    23    0
   8  247     4    0
   8   27     3    3
   9   24    24    0
   9   83    23    1
   9    8     4    7
  10   12    26    0
  10  248     5    0
  10   11     4    3
  11   10    26   11
  11   37    25    0
  11   25     4    4
  12   14    27    0
  12   33    26    1
  12   10     5    5
  13   16    28    0
  13  249     6    0
  13   14     5    3
  14   13    28   18
  14   36    27    1
  14   12     5    4
  15   17    29    0
  15  251     7    0
  15   16     6    3
  16   15    29   14
  16   32    28    1
  16   13     6    4
  17   20    30    0
  17   29    29    1
  17   15     7    5
  18   19    31    0
  18   20     7    3
  18  250     0    0
  19   50    31    1
  19   21    16    0
  19   18     0    7
  20   18    31   11
  20   23    30    1
  20   17     7    4
  21   22    58    0
  21  215    16    1
  21   19     0    6
  22  228    58    1
  22    1    17   13
  22   21     0    5
  23  132    59    0
  23   20    31   10
  23  154    30    2
  24   25    61    4
  24   91    24    1
  24    9     4    6
  25   93    61    0
  25   11    25   13
  25   24     4    5
  26   27    62    0
  26   79    22    1
  26    7     3    5
  27   42    62    1
  27    8    23   12
  27   26     3    4
  28   51    63    0
  28    1    18   14
  28   56    17    1
  29  152    64    0
  29   17    30   12
  29   65    29    2
  30  150    65    0
  30    2    19   11
  30  113    18    2
  31   71    66    0
  31    6    21   11
  31  180    20    2
  32  121    67    0
  32   16    29   13
  32   82    28    2
  33  111    69    0
  33   12    27   13
  33  115    26    2
  34   57    70    0
  34    7    22   13
  34  144    21    2
  35   44    71    0
  35    4    20   13
  35   80    19    2
  36  236    73    0
  36   14    28   17
  36  137    27    2
  37   38   101    5
  37   11    26   10
  37   62    25    1
  38  171   101    0
  38   54    92    4
  38   37    26    9
  39   73   103    0
  39  409    87    0
  39   77    30    6
  40   92   116    0
  40  340    88    0
  40   48    24    4
  41  192   119    0
  41  118   100    0
  41  122    29   10
  42  227   121    0
  42  330    62    2
  42   27    23   11
  43  252   122    0
  43   45    90    0
  43   99    16    5
  44  161   123    0
  44  162    71    1
  44   35    20   12
  45  216   124    0
  45  191    90    1
  45   43    16    4
  46  211   125    0
  46  420    91    0
  46  133    31    7
  47   48   127    0
  47  341    72    0
  47   84    24    6
  48  342   127    1
  48   40    88    3
  48   47    24    5
  49  149   128    0
  49  274    94    0
  49   52    18   11
  50  217   129    5
  50  140    31    2
  50   19    16   11
  51   52   135    0
  51  275    63    1
  51   28    18   13
  52  276   135    1
  52   49    94    3
  52   51    18   12
  53  158   136    0
  53   78    97    0
  53  153    30    9
  54  108   139    0
  54   55    92    5
  54   38    26    8
  55   54   139    3
  55  233    92    0
  55  109    78    0
  56  262   140    0
  56   28    63    5
  56  120    17    2
  57  103   141    0
  57  320    70    1
  57   34    22   12
  58  214   142    0
  58  277    75    0
  58  207    18    7
  59   60   143    0
  59  286    82    0
  59   69    19    6
  60  287   143    1
  60   81   104    0
  60   59    19    5
  61   62   144    0
  61  359    60    0
  61  100    25    3
  62  360   144    1
  62   37   101    4
  62   61    25    2
  63  138   145    0
  63  371   106    0
  63  134    27    5
  64  167   146    0
  64  240   109    0
  64  128    28    6
  65  397   147    0
  65   29    64    5
  65   66    29    3
  66   65   147    3
  66  398   112    0
  66  157    29    4
  67  101   148    0
  67  347    98    0
  67  148    25    6
  68  169   149    0
  68  168   114    0
  68  229    17   10
  69  288   151    0
  69   59    82    3
  69   70    19    7
  70   69   151    3
  70  289   113    0
  70  151    19    8
  71   72   152    0
  71  308    66    1
  71   31    21   10
  72  309   152    1
  72   76   108    0
  72   71    21    9
  73  155   153    0
  73  410   103    1
  73   39    30    5
  74  263   154    0
  74  106    83    0
  74  170    17    7
  75  310   155    0
  75  123    84    0
  75   76    21    7
  76   75   155    3
  76  311   108    1
  76   72    21    8
  77  411   156    0
  77   39    87    3
  77   78    30    7
  78   77   156    4
  78  159    97    1
  78   53    30    8
  79  321   159    0
  79   26    62    6
  79  196    22    2
  80  129   160    0
  80   35    71    7
  80   81    19    3
  81   80   160    3
  81  130   104    1
  81   60    19    4
  82  383   161    0
  82   32    67    5
  82  241    28    3
  83   84   162    3
  83    9    24    8
  83   89    23    2
  84   85   162    4
  84   47    72    4
  84   83    24    7
  85   90   162    0
  85  343   133    0
  85   84    72    3
  86   87   163    4
  86  135   137    0
  86  224    27    8
  87  146   163    0
  87   86   137    3
  87  136    86    0
  88   89   164    0
  88  331    74    0
  88  142    23    4
  89   90   164    1
  89   83   162    2
  89   88    23    3
  90  344   164    2
  90   89   162    1
  90   85   133    3
  91   95   165    0
  91   24    61    3
  91   92    24    2
  92   91   165    5
  92  345   116    1
  92   40    24    3
  93   94   167    0
  93   95    61    1
  93   25    25   12
  94  348   167    1
  94  189   107    0
  94   93    25   11
  95   93   167    4
  95  349   165    1
  95   91    61    2
  96   97   168    3
  96  166   131    0
  96  163    20    9
  97  164   168    0
  97   96   131    4
  97  296    95    0
  98   99   169    3
  98  253    68    0
  98  131    16    7
  99  254   169    0
  99   43   122    3
  99   98    16    6
 100  350   170    0
 100   61    60    4
 100  101    25    4
 101  100   170    3
 101  351   148    1
 101   67    25    5
 102  175   171    0
 102  173   102    0
 102  103    22   10
 103  102   171    5
 103  323   141    1
 103   57    22   11
 104  201   172    0
 104  105    80    0
 104  172    22    7
 105  104   172    3
 105  202   132    0
 105  318    80    1
 106  107   173    0
 106  264    83    1
 106   74    17    6
 107  265   173    1
 107  119    96    0
 107  106    17    5
 108  231   174    0
 108  109   139    1
 108   54    26    7
 109  108   174    5
 109   55   139    2
 109  110    78    1
 110  109   174    4
 110  362   158    0
 110  234    78    2
 111  112   175    0
 111  372    69    1
 111   33    27   12
 112  373   175    1
 112  223   117    0
 112  111    27   11
 113  278   176    0
 113   30    65    5
 113  114    18    3
 114  113   176    3
 114  279   110    0
 114  213    18    4
 115  117   177    0
 115   33    69    6
 115  116    26    3
 116  115   177    4
 116  221   105    0
 116  230    26    4
 117  222   177    1
 117  361   150    0
 117  115    69    5
 118  186   178    3
 118  193   100    1
 118   41    29    9
 119  120   179    0
 119  266    96    1
 119  107    17    4
 120  267   179    1
 120   56   140    3
 120  119    17    3
 121  122   180    3
 121  400    67    1
 121   32    29   12
 122  401   180    0
 122   41   119    4
 122  121    29   11
 123  124   181    3
 123  312    84    1
 123   75    21    6
 124  313   181    0
 124  145   115    0
 124  123    21    5
 125  126   182    3
 125  385    93    0
 125  205    28   12
 126  386   182    0
 126  204   126    0
 126  125    28   11
 127  128   183    3
 127  387    77    0
 127  203    28    8
 128  388   183    0
 128   64   146    4
 128  127    28    7
 129  290   184    0
 129  130   160    1
 129   80    71    6
 130  129   184    3
 130   81   160    2
 130  291   104    2
 131  255   185    0
 131   98    68    3
 131  219    16    8
 132  133   186    0
 132  423    59    1
 132   23    31    9
 133  424   186    1
 133   46    91    3
 133  132    31    8
 134  375   187    0
 134   63   106    3
 134  135    27    6
 135  134   187    4
 135  136   137    1
 135   86    27    7
 136  135   187    3
 136   87   137    2
 136  374    86    1
 137  198   188    0
 137   36    73    5
 137  138    27    3
 138  137   188    3
 138  199   145    1
 138   63    27    4
 139  140   189    2
 139  141    76    0
 139  210    31    4
 140  141   189    0
 140   50   129    4
 140  139    31    3
 141  139   189    1
 141  140   129    3
 141  421    76    1
 142  332   190    0
 142   88    74    3
 142  143    23    5
 143  142   190    3
 143  333   120    0
 143  183    23    6
 144  314   191    0
 144   34    70    5
 144  145    21    3
 145  144   191    3
 145  315   115    1
 145  124    21    4
 146  376   192    0
 146  225   163    1
 146   87    86    4
 147  148   193    3
 147  352    81    0
 147  188    25    8
 148  353   193    0
 148   67    98    3
 148  147    25    7
 149  208   194    0
 149  281   128    1
 149   49    18   10
 150  151   195    3
 150  292    65    1
 150   30    19   10
 151  293   195    0
 151   70   113    3
 151  150    19    9
 152  153   196    0
 152  412    64    1
 152   29    30   11
 153  160   196    1
 153   53   136    3
 153  152    30   10
 154  413   197    0
 154   23    59    5
 154  155    30    3
 155  154   197    3
 155  414   153    1
 155   73    30    4
 156  157   198    0
 156  402    85    0
 156  184    29    6
 157  403   198    1
 157   66   112    3
 157  156    29    5
 158  159   199    0
 158  160   136    1
 158   53    97    3
 159  415   199    1
 159   78   156    3
 159  158    97    2
 160  158   199    4
 160  416   196    2
 160  153   136    2
 161  163   201    0
 161  162   123    1
 161   44    20   11
 162  161   201    5
 162   44   123    2
 162  298    71    2
 163  164   201    1
 163   96   168    2
 163  161    20   10
 164  299   201    2
 164  163   168    1
 164   97    95    3
 165  300   202    0
 165  177    79    0
 165  166    20    7
 166  165   202    3
 166  301   131    1
 166   96    20    8
 167  242   203    0
 167  389   146    1
 167   64   109    3
 168  170   204    0
 168  169   114    1
 168   68    17    9
 169  168   204    4
 169  268   149    1
 169   68   114    2
 170  269   204    1
 170   74   154    3
 170  168    17    8
 171  235   205    0
 171  363   101    1
 171   38    92    3
 172  174   206    0
 172  104    80    5
 172  173    22    8
 173  172   206    4
 173  175   102    1
 173  102    22    9
 174  176   206    1
 174  319   134    0
 174  172    80    4
 175  173   206    3
 175  176   171    1
 175  102   102    2
 176  175   206    2
 176  322   171    2
 176  174   134    3
 177  178   207    0
 177  179    79    1
 177  165    20    6
 178  302   207    1
 178  181   118    0
 178  177    20    5
 179  177   207    4
 179  303   138    0
 179  297    79    2
 180  304   208    0
 180   31    66    5
 180  181    20    3
 181  180   208    3
 181  305   118    1
 181  178    20    4
 182  183   209    0
 182  334    89    0
 182  226    23    8
 183  335   209    1
 183  143   120    3
 183  182    23    7
 184  185   210    0
 184  156    85    4
 184  186    29    7
 185  187   210    1
 185  399   157    0
 185  184    85    3
 186  184   210    3
 186  187   178    4
 186  118    29    8
 187  186   210    2
 187  194   178    0
 187  185   157    4
 188  355   211    0
 188  147    81    3
 188  189    25    9
 189  188   211    4
 189  190   107    1
 189   94    25   10
 190  189   211    3
 190  356   200    0
 190  354   107    2
 191  258   212    0
 191   45   124    4
 191  257    90    2
 192  193   213    4
 192  404   119    1
 192   41   100    3
 193  194   213    0
 193  118   178    2
 193  192   100    2
 194  405   213    1
 194  193   178    1
 194  187   157    3
 195  196   214    3
 195  324    99    0
 195  200    22    4
 196  325   214    0
 196   79   159    3
 196  195    22    3
 197  378   215    0
 197  238   166    0
 197  198    73    3
 198  197   215    4
 198  199   188    1
 198  137    73    4
 199  198   215    3
 199  138   188    2
 199  377   145    2
 200  326   216    0
 200  195    99    3
 200  201    22    5
 201  200   216    4
 201  202   172    1
 201  104    22    6
 202  201   216    3
 202  105   172    2
 202  327   132    1
 203  391   217    0
 203  127    77    3
 203  204    28    9
 204  203   217    3
 204  392   126    1
 204  126    28   10
 205  393   218    0
 205  125    93    3
 205  206    28   13
 206  205   218    3
 206  394   130    0
 206  237    28   14
 207  209   219    0
 207   58    75    4
 207  208    18    8
 208  207   219    2
 208  209   194    1
 208  149    18    9
 209  208   219    1
 209  280   194    2
 209  207    75    3
 210  212   220    0
 210  139    76    5
 210  211    31    5
 211  210   220    2
 211  212   125    1
 211   46    31    6
 212  211   220    1
 212  419   125    2
 212  210    76    4
 213  282   221    0
 213  114   110    3
 213  214    18    5
 214  213   221    3
 214  283   142    1
 214   58    18    6
 215  259   222    0
 215   21    58    6
 215  216    16    2
 216  215   222    3
 216  260   124    1
 216   45    16    3
 217  219   223    0
 217  218   129    6
 217   50    16   10
 218  217   223    3
 218  422   129    0
 218  220   111    4
 219  220   223    1
 219  131   185    4
 219  217    16    9
 220  218   223    2
 220  219   185    3
 220  256   111    0
 221  222   224    0
 221  116   177    3
 221  232   105    1
 222  364   224    1
 222  221   177    2
 222  117   150    3
 223  224   225    3
 223  379   117    1
 223  112    27   10
 224  225   225    4
 224   86   163    3
 224  223    27    9
 225  380   225    0
 225  146   192    3
 225  224   163    2
 226  336   226    0
 226  182    89    3
 226  227    23    9
 227  226   226    3
 227  337   121    1
 227   42    23   10
 228  229   227    3
 228  270    58    2
 228   22    17   12
 229  271   227    0
 229   68   149    4
 229  228    17   11
 230  232   228    0
 230  116   105    3
 230  231    26    5
 231  230   228    4
 231  365   174    1
 231  108    26    6
 232  366   228    1
 232  221   224    4
 232  230   105    2
 233  234   229    0
 233  235    92    1
 233   55    78    4
 234  367   229    1
 234  110   158    3
 234  233    78    3
 235  233   229    4
 235  368   205    1
 235  171    92    2
 236  237   230    0
 236  238    73    1
 236   36    28   16
 237  239   230    1
 237  206   130    4
 237  236    28   15
 238  236   230    3
 238  239   166    1
 238  197    73    2
 239  238   230    2
 239  384   166    2
 239  237   130    3
 240  241   231    0
 240  242   109    1
 240   64    28    5
 241  243   231    1
 241   82   161    4
 241  240    28    4
 242  240   231    3
 242  243   203    1
 242  167   109    2
 243  242   231    2
 243  390   203    2
 243  241   161    3
 244  250    57    7
 244  245     1    1
 244    0     0    2
 245  244    57    6
 245  246     2    1
 245    3     1    2
 246  245    57    5
 246  247     3    1
 246    5     2    2
 247  246    57    4
 247  248     4    1
 247    8     3    2
 248  247    57    3
 248  249     5    1
 248   10     4    2
 249  248    57    2
 249  251     6    1
 249   13     5    2
 250  251    57    0
 250   18     7    2
 250  244     0    1
 251  249    57    1
 251  250     7    1
 251   15     6    2
 252  254   122    1
 252   43    90    4
 252  257    32    7
 253   98   169    2
 253  255    68    1
 253  254    32    5
 254  253   169    1
 254   99   122    2
 254  252    32    6
 255  256   185    1
 255  131    68    2
 255  253    32    4
 256  220   185    2
 256  425   111    1
 256  255    32    3
 257  191   212    2
 257  252    90    3
 257  258    32    8
 258  257   212    1
 258  191   124    3
 258  260    32    9
 259  260   222    1
 259  215    58    5
 259  272    32   11
 260  216   222    2
 260  258   124    2
 260  259    32   10
 261  426    32    0
 261  273     9    2
 261  430     8    4
 262  267   140    1
 262   56    63    4
 262  284    33    4
 263  269   154    1
 263   74    83    3
 263  264    33   13
 264  106   173    3
 264  263    83    2
 264  265    33    0
 265  264   173    2
 265  107    96    3
 265  266    33    1
 266  119   179    3
 266  265    96    2
 266  267    33    2
 267  266   179    2
 267  120   140    2
 267  262    33    3
 268  169   204    3
 268  271   149    2
 268  269    33   11
 269  268   204    2
 269  170   154    2
 269  263    33   12
 270  228   227    2
 270  272    58    3
 270  271    33    9
 271  270   227    1
 271  229   149    3
 271  268    33   10
 272  259    58    4
 272  270    33    8
 272  273    32   12
 273  272    33    7
 273  261    32   13
 273  285     9    3
 274   49   128    3
 274  276    94    1
 274  281    34    0
 275   51   135    3
 275  284    63    2
 275  276    34   12
 276  275   135    2
 276   52    94    2
 276  274    34   13
 277   58   142    3
 277  280    75    1
 277  283    34    3
 278  279   176    1
 278  113    65    4
 278  294    34    7
 279  114   176    2
 279  282   110    1
 279  278    34    6
 280  281   194    3
 280  209    75    2
 280  277    34    2
 281  149   194    4
 281  274   128    2
 281  280    34    1
 282  283   221    1
 282  213   110    2
 282  279    34    5
 283  214   221    2
 283  277   142    2
 283  282    34    4
 284  262    63    3
 284  275    34   11
 284  285    33    5
 285  284    34   10
 285  273    33    6
 285  295     9    4
 286   59   143    3
 286  288    82    1
 286  287    35    4
 287  286   143    2
 287   60   104    4
 287  291    35    5
 288  289   151    1
 288   69    82    2
 288  286    35    3
 289   70   151    2
 289  293   113    1
 289  288    35    2
 290  291   184    1
 290  129    71    5
 290  306    35    7
 291  130   184    2
 291  287   104    3
 291  290    35    6
 292  150   195    2
 292  294    65    2
 292  293    35    0
 293  292   195    1
 293  151   113    2
 293  289    35    1
 294  278    65    3
 294  292    35   13
 294  295    34    8
 295  294    35   12
 295  285    34    9
 295  433     9    5
 296   97   131    3
 296  299    95    1
 296  301    36   11
 297  179   138    2
 297  300    79    3
 297  303    36    0
 298  162   201    4
 298  306    71    3
 298  299    36    9
 299  298   201    3
 299  164    95    2
 299  296    36   10
 300  301   202    1
 300  165    79    4
 300  297    36   13
 301  166   202    2
 301  296   131    2
 301  300    36   12
 302  303   207    2
 302  178   118    3
 302  305    36    2
 303  179   207    3
 303  297   138    1
 303  302    36    1
 304  305   208    1
 304  180    66    4
 304  316    36    4
 305  181   208    2
 305  302   118    2
 305  304    36    3
 306  290    71    4
 306  298    36    8
 306  307    35    8
 307  306    36    7
 307  434    35    9
 307  317    10    2
 308   71   152    3
 308  316    66    2
 308  309    37    7
 309  308   152    2
 309   72   108    3
 309  311    37    8
 310  311   155    1
 310   75    84    3
 310  312    37   10
 311   76   155    2
 311  309   108    2
 311  310    37    9
 312  123   181    2
 312  310    84    2
 312  313    37   11
 313  312   181    1
 313  124   115    3
 313  315    37   12
 314  315   191    1
 314  144    70    4
 314  328    37    0
 315  145   191    2
 315  313   115    2
 315  314    37   13
 316  304    66    3
 316  308    37    6
 316  317    36    5
 317  316    37    5
 317  307    36    6
 317  437    10    3
 318  105   132    3
 318  319    80    2
 318  327    38    4
 319  322   134    1
 319  174    80    3
 319  318    38    3
 320   57   141    3
 320  328    70    2
 320  323    38    0
 321  325   159    1
 321   79    62    5
 321  339    38    9
 322  323   171    3
 322  176   134    2
 322  319    38    2
 323  103   171    4
 323  320   141    2
 323  322    38    1
 324  195   214    2
 324  326    99    1
 324  325    38    7
 325  324   214    1
 325  196   159    2
 325  321    38    8
 326  327   216    1
 326  200    99    2
 326  324    38    6
 327  202   216    2
 327  318   132    2
 327  326    38    5
 328  314    70    3
 328  320    38   14
 328  329    37    1
 329  328    38   13
 329  438    37    2
 329  441    11    2
 330   42   121    3
 330  339    62    3
 330  337    39    9
 331   88   164    6
 331  332    74    1
 331  338    39    4
 332  333   190    1
 332  142    74    2
 332  331    39    3
 333  143   190    2
 333  335   120    1
 333  332    39    2
 334  182   209    3
 334  336    89    1
 334  335    39    0
 335  334   209    2
 335  183   120    2
 335  333    39    1
 336  337   226    1
 336  226    89    2
 336  334    39   11
 337  227   226    2
 337  330   121    2
 337  336    39   10
 338  331   164    5
 338  442    39    5
 338  346    12    2
 339  321    62    4
 339  330    39    8
 339  443    38   10
 340   40   116    3
 340  342    88    1
 340  345    40    2
 341   47   127    3
 341  343    72    1
 341  342    40    0
 342  341   127    2
 342   48    88    2
 342  340    40    1
 343  344   133    1
 343   85    72    2
 343  341    40    8
 344  346   164    3
 344   90   133    2
 344  343    40    7
 345   92   165    4
 345  340   116    2
 345  357    40    3
 346  338   164    4
 346  344    40    6
 346  358    12    3
 347   67   148    3
 347  353    98    1
 347  351    41    6
 348  349   167    2
 348   94   107    4
 348  354    41    0
 349   95   167    3
 349  357   165    2
 349  348    41   15
 350  351   170    1
 350  100    60    3
 350  369    41    8
 351  101   170    2
 351  347   148    2
 351  350    41    7
 352  147   193    2
 352  355    81    1
 352  353    41    4
 353  352   193    1
 353  148    98    2
 353  347    41    5
 354  190   200    2
 354  348   107    3
 354  356    41    1
 355  356   211    1
 355  188    81    2
 355  352    41    3
 356  190   211    2
 356  354   200    1
 356  355    41    2
 357  345   165    3
 357  349    41   14
 357  358    40    4
 358  357    41   13
 358  346    40    5
 358  446    12    4
 359   61   144    3
 359  369    60    1
 359  360    42    0
 360  359   144    2
 360   62   101    3
 360  363    42    1
 361  364   150    1
 361  117    69    4
 361  381    42    9
 362  110   174    3
 362  367   158    1
 362  365    42    5
 363  171   205    3
 363  360   101    2
 363  368    42    2
 364  366   224    2
 364  222   150    2
 364  361    42    8
 365  231   228    3
 365  362   174    2
 365  366    42    6
 366  365   228    2
 366  232   224    3
 366  364    42    7
 367  368   229    2
 367  234   158    2
 367  362    42    4
 368  235   229    3
 368  363   205    2
 368  367    42    3
 369  350    60    2
 369  359    42   13
 369  370    41    9
 370  369    42   12
 370  447    41   10
 370  382    13    2
 371   63   145    4
 371  375   106    1
 371  377    43    7
 372  111   175    3
 372  381    69    2
 372  373    43    0
 373  372   175    2
 373  112   117    3
 373  379    43    1
 374  136   187    2
 374  376    86    2
 374  375    43    5
 375  374   187    1
 375  134   106    2
 375  371    43    6
 376  380   192    1
 376  146    86    3
 376  374    43    4
 377  199   215    2
 377  371   145    3
 377  378    43    8
 378  377   215    1
 378  197   166    5
 378  395    43    9
 379  223   225    2
 379  373   117    2
 379  380    43    2
 380  379   225    1
 380  225   192    2
 380  376    43    3
 381  361    69    3
 381  372    43   15
 381  382    42   10
 382  381    43   14
 382  370    42   11
 382  450    13    3
 383  390   161    1
 383   82    67    4
 383  407    44    4
 384  395   166    3
 384  239   130    2
 384  394    44    9
 385  125   182    2
 385  393    93    1
 385  386    44   12
 386  385   182    1
 386  126   126    3
 386  392    44   13
 387  127   183    2
 387  391    77    1
 387  388    44    0
 388  387   183    1
 388  128   146    3
 388  389    44    1
 389  167   203    4
 389  388   146    2
 389  390    44    2
 390  389   203    3
 390  243   161    2
 390  383    44    3
 391  392   217    1
 391  203    77    2
 391  387    44   15
 392  204   217    2
 392  386   126    2
 392  391    44   14
 393  394   218    1
 393  205    93    2
 393  385    44   11
 394  206   218    2
 394  384   130    1
 394  393    44   10
 395  378   166    4
 395  384    44    8
 395  396    43   10
 396  395    44    7
 396  451    43   11
 396  408    14    0
 397  398   147    1
 397   65    64    4
 397  417    45    8
 398   66   147    2
 398  403   112    1
 398  397    45    7
 399  405   157    1
 399  185    85    2
 399  402    45    4
 400  121   180    2
 400  407    67    2
 400  401    45    0
 401  400   180    1
 401  122   119    3
 401  404    45    1
 402  156   198    3
 402  399    85    1
 402  403    45    5
 403  402   198    2
 403  157   112    2
 403  398    45    6
 404  192   213    3
 404  401   119    2
 404  405    45    2
 405  404   213    2
 405  194   157    2
 405  399    45    3
 406  408    45   11
 406  418    15    2
 406  454    14    2
 407  383    67    3
 407  400    45   13
 407  408    44    5
 408  407    45   12
 408  396    44    6
 408  406    14    1
 409   39   103    3
 409  411    87    1
 409  410    46   10
 410   73   153    3
 410  409   103    2
 410  414    46   11
 411  415   156    1
 411   77    87    2
 411  409    46    9
 412  152   196    4
 412  417    64    2
 412  416    46    6
 413  414   197    1
 413  154    59    4
 413  427    46    0
 414  155   197    2
 414  410   153    2
 414  413    46   12
 415  416   199    2
 415  159   156    2
 415  411    46    8
 416  160   199    3
 416  412   196    3
 416  415    46    7
 417  397    64    3
 417  412    46    5
 417  418    45    9
 418  417    46    4
 418  406    45   10
 418  457    15    3
 419  420   125    3
 419  212    76    3
 419  421    47    3
 420   46   125    4
 420  424    91    1
 420  419    47    2
 421  141   129    2
 421  419    76    2
 421  422    47    4
 422  421   129    1
 422  218   111    3
 422  425    47    5
 423  132   186    3
 423  427    59    2
 423  424    47    0
 424  423   186    2
 424  133    91    2
 424  420    47    1
 425  422   111    2
 425  426    47    6
 425  256    32    2
 426  458    47    7
 426  425    32    1
 426  261     8    3
 427  413    59    3
 427  423    47   10
 427  459    46    1
 428  429    56    0
 428  430    48    0
 428  455     8    0
 429  431    56    1
 429  428    48    2
 429  430     9    0
 430  429    48    1
 430  261     9    1
 430  428     8    5
 431  432    56    2
 431  433    49    3
 431  429     9    7
 432  435    56    3
 432  431    49    2
 432  434    10    0
 433  434    49    0
 433  295    35   11
 433  431     9    6
 434  432    49    1
 434  433    35   10
 434  307    10    1
 435  436    56    4
 435  437    50    3
 435  432    10    5
 436  439    56    5
 436  435    50    2
 436  438    11    0
 437  438    50    0
 437  317    37    4
 437  435    10    4
 438  436    50    1
 438  437    37    3
 438  329    11    1
 439  440    56    6
 439  441    51    0
 439  436    11    4
 440  444    56    7
 440  439    51    4
 440  442    12    0
 441  443    51    1
 441  329    38   12
 441  439    11    3
 442  440    51    3
 442  443    39    6
 442  338    12    1
 443  442    51    2
 443  339    39    7
 443  441    38   11
 444  445    56    8
 444  446    52    3
 444  440    12    6
 445  448    56    9
 445  444    52    2
 445  447    13    0
 446  447    52    0
 446  358    41   12
 446  444    12    5
 447  445    52    1
 447  446    41   11
 447  370    13    1
 448  449    56   10
 448  450    53    3
 448  445    13    5
 449  452    56   11
 449  448    53    2
 449  451    14    5
 450  451    53    0
 450  382    43   13
 450  448    13    4
 451  449    53    1
 451  450    43   12
 451  396    14    6
 452  453    56   12
 452  454    54    0
 452  449    14    4
 453  456    56   13
 453  452    54    2
 453  454    15    0
 454  453    54    1
 454  406    15    1
 454  452    14    3
 455  428    56   15
 455  456    55    0
 455  458     8    1
 456  455    56   14
 456  457    55    1
 456  453    15    5
 457  459    55    2
 457  418    46    3
 457  456    15    4
 458  455    55    4
 458  459    47    8
 458  426     8    2
 459  458    55    3
 459  427    47    9
 459  457    46    2
