10 143 0.011889 0.118053 0.080870 0.000566 0.000048 0.006941 0.000580 0.000614 10884 1462
20 293 0.063441 0.179959 0.252221 0.000861 0.000242 0.015544 0.000908 0.001033 45800 6044
30 434 0.153497 0.515637 0.556204 0.001282 0.000788 0.028074 0.001348 0.001521 101578 15234
40 580 0.335497 0.901378 0.792725 0.001367 0.001252 0.035384 0.001469 0.001725 182244 28668
50 740 0.565513 1.65963 1.392293 0.001881 0.003136 0.055998 0.002059 0.002559 300306 53752
60 874 0.764511 2.46578 1.400164 0.001602 0.002758 0.052520 0.001777 0.002292 417558 72114
70 1016 1.12518 3.44692 1.753573 0.001726 0.003757 0.061295 0.001923 0.002560 567483 103726
80 1163 1.57053 4.37682 1.680146 0.001445 0.003030 0.055048 0.001614 0.002124 738145 124884
90 1299 2.01545 5.77758 1.745970 0.001344 0.003003 0.054799 0.001520 0.002064 919737 153372
100 1476 2.62581 9.51756 2.386880 0.001617 0.005031 0.070928 0.001846 0.002596 1194066 211032
110 1582 2.8533 13.4127 2.379633 0.001504 0.004688 0.068470 0.001721 0.002444 1372642 244142
120 1751 3.98854 15.8707 2.986220 0.001705 0.006423 0.080143 0.001915 0.002709 1687274 310298
130 1882 4.353 18.9283 3.129430 0.001663 0.006766 0.082258 0.001896 0.002733 1951164 362286
140 2024 5.01468 24.648 3.185920 0.001574 0.006639 0.081480 0.001811 0.002651 2253666 412780
150 2169 5.86019 28.2639 3.540296 0.001632 0.007710 0.087807 0.001885 0.002808 2591699 481006
160 2315 6.68077 34.324 3.458503 0.001494 0.006797 0.082444 0.001713 0.002511 2940499 524088
170 2454 7.51474 43.1727 3.813080 0.001554 0.007956 0.089198 0.001801 0.002733 3316819 613976
180 2607 8.35843 63.4778 4.014905 0.001540 0.008450 0.091921 0.001800 0.002808 3743560 693278
190 2757 9.18237 64.8846 0 0 0 0 0 0 4187889 777486
200 2912 10.2285 71.2382 4.643044 0.001594 0.009816 0.099077 0.001836 0.002808 4671775 866718
