10 143 0.006073 0.508169 0.003185 0.000022 0.000002 0.001580 0.000132 0.001068
20 293 0.022792 2.09383 0.014665 0.000050 0.000018 0.004185 0.000245 0.002068
30 434 0.04951 5.19555 0.025031 0.000058 0.000025 0.004957 0.000238 0.002342
40 580 0.082368 10.7876 0.041894 0.000072 0.000047 0.006860 0.000285 0.003360
50 740 0.129941 18.9679 0.078735 0.000106 0.000102 0.010077 0.000370 0.003726
60 874 0.19408 27.0054 0.082627 0.000095 0.000092 0.009606 0.000325 0.003222
70 1016 0.240099 41.8452 0.117400 0.000116 0.000143 0.011970 0.000376 0.004056
80 1163 0.3009 63.2367 0.121762 0.000105 0.000134 0.011561 0.000339 0.003246
90 1299 0.398092 90.377 0.139587 0.000107 0.000153 0.012365 0.000343 0.003201
100 1476 0.494955 174.973 0.171042 0.000116 0.000173 0.013145 0.000342 0.003952
