10 143 0.005427 0.591472 0.004618 0.000032 0.000002 0.001416 0.000118 0.000789
20 293 0.022868 3.80575 0.021518 0.000073 0.000012 0.003461 0.000202 0.001369
30 434 0.048139 13.0532 0.038850 0.000090 0.000022 0.004650 0.000223 0.002175
40 580 0.080358 28.5424 0.064960 0.000112 0.000041 0.006382 0.000265 0.002853
50 740 0.131339 62.3955 0.110906 0.000150 0.000094 0.009682 0.000356 0.003462
60 874 0.188796 92.137 0.123360 0.000141 0.000085 0.009218 0.000312 0.002942
70 1016 0.245815 158.822 0.170777 0.000168 0.000130 0.011402 0.000358 0.003470
80 1163 0.310668 206.987 0.187597 0.000161 0.000131 0.011445 0.000336 0.003025
90 1299 0.388372 293.603 0.218110 0.000168 0.000152 0.012315 0.000342 0.002712
100 1476 0.494654 414.265 0.261526 0.000177 0.000181 0.013457 0.000350 0.003727
