10 143 0.011679 0.065252 0.003185 0.000022 0.000002 0.001580 0.000132 0.001069
20 293 0.063058 0.415984 0.014665 0.000050 0.000018 0.004185 0.000244 0.002068
30 434 0.15273 1.24463 0.025031 0.000058 0.000025 0.004957 0.000238 0.002342
40 580 0.335184 2.93691 0.041895 0.000072 0.000047 0.006856 0.000285 0.003360
50 740 0.571774 7.99004 0.078737 0.000106 0.000102 0.010077 0.000370 0.003727
60 874 0.760871 13.2229 0.082627 0.000095 0.000092 0.009606 0.000325 0.003222
70 1016 1.12742 20.6891 0.117400 0.000116 0.000143 0.011970 0.000376 0.004056
80 1163 1.57079 27.4453 0.121763 0.000105 0.000134 0.011560 0.000339 0.003245
90 1299 2.01409 35.5229 0.139591 0.000107 0.000153 0.012370 0.000343 0.003201
100 1476 2.62134 65.2868 0.171042 0.000116 0.000173 0.013145 0.000342 0.003952
110 1582 2.83013 81.0062 0.198872 0.000126 0.000215 0.014646 0.000368 0.003072
120 1751 3.98252 117.076 0.222783 0.000127 0.000256 0.016002 0.000382 0.004041
130 1882 4.33883 155.545 0.239624 0.000127 0.000253 0.015890 0.000366 0.003754
140 2024 4.99962 207.787 0.276623 0.000137 0.000309 0.017586 0.000391 0.004001
150 2169 5.85928 240.921 0.292862 0.000135 0.000314 0.017717 0.000380 0.003992
160 2315 6.6737 287.242 0.330766 0.000143 0.000345 0.018569 0.000386 0.003249
170 2454 7.50184 370.016 0.347697 0.000142 0.000365 0.019116 0.000386 0.003965
180 2607 8.4159 412.042 0.380662 0.000146 0.000403 0.020072 0.000393 0.003826
190 2757 9.06397 550.295 0.413026 0.000150 0.000437 0.020901 0.000398 0.003790
200 2912 10.2243 655.793 0.442209 0.000152 0.000476 0.021817 0.000404 0.003915
