10 143 0.005754 0.752991 0.003185 0.000022 0.000002 0.001580 0.000132 0.001069
20 293 0.022318 5.89825 0.014665 0.000050 0.000018 0.004185 0.000244 0.002068
30 434 0.049246 18.3243 0.025031 0.000058 0.000025 0.004957 0.000238 0.002342
40 580 0.082287 45.9312 0.041895 0.000072 0.000047 0.006854 0.000285 0.003360
50 740 0.127816 102.563 0.078737 0.000106 0.000102 0.010077 0.000370 0.003727
60 874 0.196076 195.192 0.082629 0.000095 0.000092 0.009606 0.000325 0.003222
70 1016 0.25187 310.398 0.117404 0.000116 0.000143 0.011969 0.000376 0.004056
80 1163 0.302444 434.457 0.121768 0.000105 0.000134 0.011558 0.000339 0.003244
90 1299 0.396805 584.878 0.139592 0.000107 0.000153 0.012369 0.000343 0.003201
100 1476 0.493554 1009.94 0.171048 0.000116 0.000173 0.013145 0.000342 0.003952
