10 143 0.005342 0.516541 0.083431 0.000583 0.000051 0.007108 0.000594 0.000614
20 293 0.023618 1.77469 0.263737 0.000900 0.000260 0.016111 0.000941 0.001033
30 434 0.049594 4.60881 0.526653 0.001213 0.000736 0.027131 0.001302 0.001521
40 580 0.082005 8.85858 0.747259 0.001288 0.001152 0.033942 0.001409 0.001725
50 740 0.129651 17.7075 1.313513 0.001775 0.002896 0.053819 0.001978 0.002559
60 874 0.190774 24.5411 1.370779 0.001568 0.002659 0.051565 0.001744 0.002292
70 1016 0.240159 35.7252 1.766084 0.001738 0.003776 0.061451 0.001928 0.002560
80 1163 0.30302 55.0383 1.709994 0.001470 0.003070 0.055412 0.001625 0.002124
90 1299 0.386551 68.7595 1.734410 0.001335 0.002946 0.054279 0.001506 0.002064
100 1476 0.48746 123.965 2.495302 0.001691 0.005355 0.073177 0.001905 0.002596
