10 143 0.000684 0.03277 0.087738 0.000614 0.000054 0.007337 0.000614 0.000614 0 0
20 293 0.001377 0.082618 0.302695 0.001033 0.000313 0.017684 0.001033 0.001033 0 0
30 434 0.002063 0.077566 0.659987 0.001521 0.001004 0.031680 0.001521 0.001521 0 0
40 580 0.002916 0.116806 1.000272 0.001725 0.001725 0.041534 0.001725 0.001725 0 0
50 740 0.003836 0.170947 1.894351 0.002560 0.004849 0.069638 0.002560 0.002560 0 0
60 874 0.004931 0.187426 2.003681 0.002293 0.004594 0.067776 0.002293 0.002293 0 0
70 1016 0.005791 0.222749 2.601641 0.002561 0.006662 0.081621 0.002561 0.002561 0 0
80 1163 0.007278 0.244659 2.470289 0.002124 0.005247 0.072437 0.002124 0.002124 0 0
90 1299 0.008004 0.359305 2.681516 0.002064 0.005535 0.074400 0.002064 0.002064 0 0
100 1476 0.009779 0.30465 3.831788 0.002596 0.009948 0.099737 0.002596 0.002596 0 0
110 1582 0.010086 0.361633 3.866404 0.002444 0.009449 0.097208 0.002444 0.002444 0 0
120 1751 0.011982 0.590329 4.744514 0.002710 0.012856 0.113383 0.002710 0.002710 0 0
130 1882 0.012925 0.520594 5.143675 0.002733 0.014058 0.118567 0.002733 0.002733 0 0
140 2024 0.014484 0.481905 5.367189 0.002652 0.014233 0.119300 0.002652 0.002652 0 0
150 2169 0.016004 0.4925 6.091842 0.002809 0.017110 0.130803 0.002809 0.002809 0 0
160 2315 0.017518 0.575456 5.814722 0.002512 0.014605 0.120852 0.002512 0.002512 0 0
170 2454 0.018731 0.664823 6.707002 0.002733 0.018331 0.135391 0.002733 0.002733 0 0
180 2607 0.020984 0.599531 7.322007 0.002809 0.020565 0.143403 0.002809 0.002809 0 0
190 2757 0.02228 0.684477 7.743296 0.002809 0.021748 0.147471 0.002809 0.002809 0 0
200 2912 0.024499 0.624871 8.178628 0.002809 0.022970 0.151560 0.002809 0.002809 0 0
