10 143 0.011379 0.06208 0.018748 0.000131 0.000006 0.002462 0.000206 0.00061420
20 293 0.06314 0.307672 0.130066 0.000444 0.000088 0.009363 0.000547 0.00103330
30 434 0.152256 0.896833 0.318893 0.000735 0.000333 0.018242 0.000876 0.00152140
40 580 0.334827 2.11848 0.516926 0.000891 0.000639 0.025284 0.001050 0.00172550
50 740 0.563638 4.30153 0.947908 0.001281 0.001709 0.041341 0.001520 0.00256060
60 874 0.757155 7.56491 1.047250 0.001198 0.001714 0.041395 0.001400 0.00229270
70 1016 1.12289 10.7374 1.369652 0.001348 0.002490 0.049901 0.001566 0.00256080
80 1163 1.56167 15.405 1.352881 0.001163 0.002101 0.045838 0.001344 0.00212490
90 1299 2.00808 17.9723 1.461962 0.001125 0.002198 0.046878 0.001301 0.002064100
100 1476 2.6446 32.1725 2.054590 0.001392 0.003846 0.062012 0.001614 0.002597110
110 1582 2.80166 41.5872 2.076648 0.001313 0.003655 0.060457 0.001520 0.002444120
120 1751 3.97431 55.5965 2.566179 0.001466 0.004982 0.070583 0.001687 0.002711130
130 1882 4.33546 72.4344 2.783623 0.001479 0.005465 0.073926 0.001704 0.002734140
140 2024 4.998 91.1786 2.883643 0.001425 0.005493 0.074116 0.001647 0.002652150
150 2169 5.84726 101.574 3.254887 0.001501 0.006569 0.081049 0.001740 0.002809160
160 2315 6.64155 119.663 3.151908 0.001362 0.005695 0.075462 0.001568 0.002512170
170 2454 7.47285 171.939 3.623418 0.001477 0.007084 0.084164 0.001699 0.002735180
180 2607 8.37425 201.084 3.934185 0.001509 0.007923 0.089009 0.001743 0.002810190
190 2757 9.06242 237.411 4.174086 0.001514 0.008424 0.091782 0.001748 0.002811200
200 2912 10.2013 278.733 4.396355 0.001510 0.008851 0.094080 0.001743 0.002811
