10 143 0.011195 0.053933 0.004189 0.000029 0.000002 0.001400 0.000117 0.000790
20 293 0.063545 0.269703 0.019848 0.000068 0.000012 0.003430 0.000200 0.001366
30 434 0.152063 0.910159 0.035072 0.000081 0.000021 0.004582 0.000220 0.002194
40 580 0.337806 2.02111 0.059828 0.000103 0.000040 0.006298 0.000262 0.002866
50 740 0.563735 4.94415 0.104452 0.000141 0.000091 0.009550 0.000351 0.003458
60 874 0.758509 7.83223 0.103122 0.000118 0.000079 0.008866 0.000300 0.002910
70 1016 1.12782 12.8215 0.159914 0.000157 0.000125 0.011172 0.000351 0.003463
80 1163 1.58137 16.3866 0.174523 0.000150 0.000125 0.011190 0.000328 0.003016
90 1299 2.00683 22.2816 0.201504 0.000155 0.000144 0.011985 0.000333 0.002754
100 1476 2.63465 38.4247 0.243081 0.000165 0.000171 0.013062 0.000340 0.003715
110 1582 2.84149 49.1346 0.285670 0.000181 0.000208 0.014409 0.000362 0.003108
120 1751 3.99357 66.7659 0.323747 0.000185 0.000246 0.015696 0.000375 0.003638
130 1882 4.31917 94.7292 0.304737 0.000162 0.000230 0.015151 0.000349 0.003590
140 2024 5.01138 115.922 0.399215 0.000197 0.000301 0.017352 0.000386 0.003618
150 2169 5.84251 139.4 0.430410 0.000198 0.000314 0.017716 0.000380 0.003731
160 2315 6.6432 168.173 0.486812 0.000210 0.000354 0.018810 0.000391 0.003146
170 2454 7.46727 214.067 0.513366 0.000209 0.000370 0.019237 0.000388 0.003733
180 2607 8.45279 234.686 0.563477 0.000216 0.000406 0.020147 0.000395 0.003696
190 2757 9.10592 309.457 0.610500 0.000221 0.000442 0.021019 0.000400 0.003665
200 2912 10.206 360.534 0.658668 0.000226 0.000478 0.021861 0.000405 0.003728
