10 143 0.011061 0.085198 0.003185 0.000022 0.000002 0.001580 0.000132 0.001068
20 293 0.062906 0.1984 0.014665 0.000050 0.000018 0.004185 0.000245 0.002068
30 434 0.153048 0.584026 0.025031 0.000058 0.000025 0.004957 0.000238 0.002342
40 580 0.338638 1.15513 0.041894 0.000072 0.000047 0.006860 0.000285 0.003360
50 740 0.568824 2.12878 0.078735 0.000106 0.000102 0.010077 0.000370 0.003726
60 874 0.755226 2.78306 0.082627 0.000095 0.000092 0.009606 0.000325 0.003222
70 1016 1.11871 4.38744 0.117400 0.000116 0.000143 0.011970 0.000376 0.004056
80 1163 1.56833 5.86594 0.121762 0.000105 0.000134 0.011561 0.000339 0.003246
90 1299 2.00504 7.41902 0.139587 0.000107 0.000153 0.012365 0.000343 0.003201
100 1476 2.66299 11.3669 0.171042 0.000116 0.000173 0.013145 0.000342 0.003952
110 1582 2.81609 15.3584 0.198864 0.000126 0.000214 0.014645 0.000368 0.003072
120 1751 3.96509 21.5127 0.222782 0.000127 0.000256 0.016003 0.000382 0.004042
130 1882 4.33817 25.5472 0.239623 0.000127 0.000252 0.015889 0.000366 0.003754
140 2024 5.0189 32.658 0.276608 0.000137 0.000309 0.017585 0.000391 0.004001
150 2169 5.90484 38.9251 0.292844 0.000135 0.000314 0.017710 0.000380 0.003983
160 2315 6.73663 46.0496 0.330744 0.000143 0.000345 0.018572 0.000386 0.003260
170 2454 7.65474 58.9056 0.347677 0.000142 0.000365 0.019115 0.000386 0.003963
180 2607 8.48 62.4833 0 0 0 0 0 0
190 2757 9.08683 72.2944 0.412999 0.000150 0.000437 0.020903 0.000398 0.003789
200 2912 10.2924 94.1938 0.442174 0.000152 0.000477 0.021830 0.000405 0.003924
