10 143 0.005319 0.705484 0.026000 0.000182 0.000010 0.003183 0.000266 0.000614
20 293 0.024701 4.10725 0.138446 0.000473 0.000101 0.010040 0.000587 0.001033
30 434 0.049474 11.793 0.335308 0.000773 0.000370 0.019245 0.000924 0.001521
40 580 0.080094 26.1501 0.537895 0.000927 0.000686 0.026197 0.001088 0.001725
50 740 0.127777 48.7604 1.025807 0.001386 0.001915 0.043759 0.001609 0.002560
60 874 0.189126 83.3825 1.108443 0.001268 0.001861 0.043135 0.001459 0.002292
70 1016 0.24278 116.192 1.457593 0.001435 0.002726 0.052207 0.001638 0.002560
80 1163 0.297334 182.053 1.392687 0.001197 0.002185 0.046745 0.001371 0.002124
90 1299 0.392997 218.748 1.499464 0.001154 0.002277 0.047714 0.001324 0.002064
100 1476 0.504463 347.701 2.187642 0.001482 0.004203 0.064829 0.001687 0.002597
