10 0.06208 0.065252 0.053933 0.065872 0.085198
20 0.307672 0.415984 0.269703 0.17838 0.1984
30 0.896833 1.24463 0.910159 0.527794 0.584026
40 2.11848 2.93691 2.02111 0.885825 1.15513
50 4.30153 7.99004 4.94415 1.67575 2.12878
60 7.56491 13.2229 7.83223 2.51019 2.78306
70 10.7374 20.6891 12.8215 3.47266 4.38744
80 15.405 27.4453 16.3866 4.39604 5.86594
90 17.9723 35.5229 22.2816 5.8052 7.41902
100 32.1725 65.2868 38.4247 9.44348 11.3669
110 41.5872 81.0062 49.1346 13.387 15.3584
120 55.5965 117.076 66.7659 15.8447 21.5127
130 72.4344 155.545 94.7292 18.4149 25.5472
140 91.1786 207.787 115.922 24.6173 32.658
150 101.574 240.921 139.4 28.6193 38.9251
160 119.663 287.242 168.173 34.4319 46.0496
170 171.939 370.016 214.067 43.4209 58.9056
180 201.084 412.042 234.686 63.4632 62.4833
190 237.411 550.295 309.457 64.8662 72.2944
200 278.733 655.793 360.534 71.6793 94.1938
