# WPolyhedron::Dump:  "QA\HP Oxygen\Bases\Reflect_Crown\03_Pear\ReflectCr_30003" 
# num_vertices   num_facets   num_edges
   456  230 1368
# vertices:
#   id   x y z
   0   0.127464100185  5.175106913870 -6.027803859913
   1  -1.759162195259 -2.948630907310 -5.903335689736
   2   1.841301829602 -3.336983810467 -5.978096840434
   3   2.421883574457 -2.729811973942 -5.931421758616
   4   2.439678042689 -2.699853985670 -6.043138997898
   5  -2.296072194184  0.681941807907 -6.090539425441
   6   1.655712229126 -3.459538691498 -5.967700098436
   7   2.917406564645 -1.137902915693 -6.104622160274
   8  -1.220330176148 -3.408490109708 -6.049267633965
   9  -2.489737704289 -0.770061684216 -6.089295528090
  10   2.568846704761 -2.484821334564 -5.931829527426
  11   2.509514288262 -2.587017350025 -6.005729723291
  12  -0.517378634796 -3.729835507111 -5.901655067685
  13   1.969414790398 -3.229447131318 -6.021793989669
  14   1.899246488058 -3.291854560591 -5.980867562679
  15   1.932113775948 -3.269222667836 -5.891031897202
  16  -1.611475835374  2.666144501148 -5.988742725993
  17   1.051010042003  4.216582739180 -5.971343981003
  18   0.912386280047  4.386676606185 -5.978554732796
  19   0.498611516616  4.850230250153 -5.983227241841
  20   0.198038170541  5.122072323728 -5.961857416294
  21   0.356196733397  4.988928000346 -5.976878578954
  22   0.406643847644  4.943689220745 -5.980612587532
  23   0.634757388507  4.702940220539 -5.983687532424
  24   0.734028480353  4.592125737308 -5.982718923360
  25   1.266780377001  3.933728196701 -5.977069046284
  26   1.661646269507  3.347314185885 -5.968068210750
  27   2.079008933375  2.573482993894 -5.902694314650
  28   1.552169495115  3.522652675270 -5.975190048673
  29   1.431299357980  3.703476834511 -5.978424140081
  30   1.956070085362  2.819750425944 -5.928598268211
  31   1.830153180290  3.052673898263 -5.948125928841
  32   1.751569702895  3.192787855950 -5.958408257839
  33   2.041117657618  2.652064596096 -5.911649913042
  34   1.980996202367  2.771933402752 -5.924113041913
  35   1.075044216134  4.185134959264 -5.969346811119
  36   2.700957719771  0.905507350404 -5.940488956828
  37   2.594486837593  1.287454475437 -5.954996106357
  38   2.429007749519  1.767632275474 -5.949860822010
  39   2.366940105877  1.921278041994 -5.941478710573
  40   2.262812571939  2.167808496183 -5.924675669216
  41   2.196770892141  2.317707904144 -5.912442355729
  42   2.636264118174  1.147990101897 -5.951842582784
  43   2.638620421827  1.139665537733 -5.951552829978
  44   2.491765899755  1.597282732631 -5.954677491537
  45   2.539368467200  1.461640696709 -5.956761907495
  46   2.772627468457  0.578262026248 -5.945992365802
  47   2.895460079716 -0.295450775674 -5.930352581738
  48   2.858174858935  0.062969654353 -5.947574324758
  49   2.879455561121 -0.128103370361 -5.939551266731
  50   2.841829867299  0.177521832199 -5.949426569464
  51   2.816233490655  0.339054637656 -5.949937398800
  52   2.912914710731 -0.552298322055 -5.910371733380
  53   2.907816218088 -0.449245507712 -5.919959132460
  54   2.723071735798  0.813839981379 -5.936655324569
  55   2.736444710262  0.753649810972 -5.939627645725
  56   2.719074474557  0.830611610582 -5.935603663106
  57   2.922079417113 -0.795325579781 -5.928097072849
  58   2.924921650989 -1.006176493878 -5.944497532542
  59   2.837734514732 -1.738888829366 -5.917721435432
  60   2.916020559096 -1.273445354768 -5.954495256427
  61   2.908388347669 -1.370481171012 -5.954327320467
  62   2.899134952197 -1.436364214321 -5.950699549158
  63   2.880949728759 -1.542032155926 -5.941995162038
  64   2.864468856558 -1.625897072231 -5.933319417391
  65   2.924114999801 -1.052411224326 -5.946859753269
  66   2.918893277357 -1.213576724296 -5.953014224700
  67   2.419205620856 -2.734647928221 -5.895538951120
  68   2.570901416391 -2.481279079574 -5.924390206484
  69   2.598581610154 -2.424637869515 -5.925975271862
  70   2.727641406478 -2.106944867588 -5.914417303825
  71   2.471019497810 -2.652804580371 -5.907054424599
  72   2.476076009365 -2.644522424040 -5.908073909513
  73   2.794522091501 -1.899232403303 -5.893199073683
  74   2.773407051614 -1.967160185880 -5.900728819732
  75   2.692462083745 -2.204041666991 -5.921279428322
  76   2.662104167682 -2.283960931583 -5.925832950903
  77   2.347893160719 -2.827464729247 -5.872681463044
  78   2.796456260457 -1.892255327193 -5.892242515887
  79   2.228734994846 -2.970795823977 -5.861456274945
  80   1.985160695604 -3.223484600885 -5.871502160037
  81   2.033289156584 -3.176846770827 -5.871471551117
  82   1.848549936477 -3.339045894625 -5.861603110227
  83   1.773579929553 -3.390738937528 -5.849208726683
  84   1.864575970927 -3.326498689703 -5.863363765596
  85   1.932908862654 -3.269687650960 -5.868904808793
  86   1.608157222815 -3.494406340255 -5.815688686584
  87   1.655080521433 -3.467094138384 -5.826440061466
  88   2.136592920867 -3.071748369397 -5.868440565322
  89   2.126983490095 -3.081797559128 -5.868884498178
  90   0.769500638160 -3.805947693262 -5.831982536517
  91   1.408093225082 -3.598476192510 -5.812758175549
  92   1.358802492388 -3.622181764242 -5.820269201447
  93   0.555209312712 -3.835632222245 -5.807139279714
  94   0.696552567141 -3.817194531433 -5.824420204758
  95   1.159256922283 -3.708526893273 -5.843135693022
  96   1.188597259504 -3.699762562198 -5.842854243090
  97   0.982727900879 -3.755418894887 -5.840253227683
  98   0.948306851639 -3.764283788268 -5.839472957600
  99   1.520476790495 -3.541074451834 -5.793005730924
 100  -0.273381033395 -3.798977888798 -5.827235493696
 101  -0.249992375648 -3.803950203156 -5.829356435661
 102   0.431576461528 -3.847269648999 -5.808617629026
 103   0.073112440572 -3.845919221835 -5.836941910218
 104  -0.074278983940 -3.829682422139 -5.835844976336
 105  -0.152365911962 -3.819265922323 -5.833789439950
 106  -0.517789758651 -3.732792002504 -5.793511707669
 107  -0.378892124829 -3.771397776371 -5.813483315902
 108   0.199163256656 -3.851858359809 -5.831422307830
 109   0.130465617130 -3.849582862884 -5.835211687531
 110   0.271617254800 -3.852057123436 -5.825637017344
 111   0.363341740943 -3.850195401217 -5.816595665177
 112  -1.048362333952 -3.511931998514 -5.830193551645
 113  -1.559094719921 -3.151450065198 -5.795006955783
 114  -1.359899003899 -3.310801490872 -5.821943988159
 115  -0.696300440219 -3.677797150058 -5.796240608688
 116  -0.755505591370 -3.656691062131 -5.806731663387
 117  -1.377243929033 -3.297623169812 -5.820089597976
 118  -1.490470750960 -3.208815735648 -5.806025762287
 119  -0.827843746980 -3.624490623919 -5.815032316786
 120  -0.908410038247 -3.584861195835 -5.821623804842
 121  -1.163921778798 -3.447091199877 -5.834013002842
 122  -1.219454080848 -3.414233921864 -5.834652292580
 123  -0.610109343636 -3.704822721728 -5.778360563060
 124  -2.064314466617 -2.478896963126 -5.830268155244
 125  -1.965629457545 -2.654155955695 -5.837655380500
 126  -2.020379549748 -2.560049556548 -5.834945682196
 127  -1.870804724672 -2.796340434881 -5.833108531559
 128  -1.764650164318 -2.945425930289 -5.823538085014
 129  -1.657195635410 -3.057816392499 -5.796741468216
 130  -1.728438972446 -2.984884047926 -5.815211208903
 131  -2.178934982955 -2.243590047141 -5.807587471182
 132  -2.135762150151 -2.336619179307 -5.818084031877
 133  -2.478119851578 -1.018973954414 -5.838690708094
 134  -2.294701794612 -1.959338253065 -5.844035926620
 135  -2.409248897666 -1.528005001792 -5.867033159590
 136  -2.439118093895 -1.364683166153 -5.864442489196
 137  -2.367941851853 -1.720063434691 -5.864906828340
 138  -2.343236479063 -1.819771690732 -5.861074769841
 139  -2.455517391458 -1.255989449061 -5.859807259681
 140  -2.462709875213 -1.195695794217 -5.855642616766
 141  -2.213312797888 -2.165643889473 -5.810778732486
 142  -2.241102339715 -2.099260815613 -5.822819458835
 143  -2.195683792941 -2.205980281375 -5.802840551920
 144  -2.490486333218 -0.794959348598 -5.834088184823
 145  -2.475423549936 -0.333230624650 -5.883284986685
 146  -2.434549854087 -0.061553174952 -5.886372849835
 147  -2.483758891112 -0.398979575793 -5.881280275335
 148  -2.496855684591 -0.526193320684 -5.874953156206
 149  -2.341717381447  0.469934869727 -5.882016653469
 150  -2.391580471701  0.196628957848 -5.885974207688
 151  -2.329852850807  0.529719181186 -5.880377687528
 152  -2.497123260014 -0.554008083834 -5.871472660148
 153  -2.495293949878 -0.637235448425 -5.858933780983
 154  -2.130849078445  1.290068154890 -5.922282131582
 155  -2.065419402218  1.486173503145 -5.922746338309
 156  -1.829096539403  2.137355722144 -5.910286388882
 157  -2.262989635750  0.830834280766 -5.905708265843
 158  -1.747308727769  2.343917911357 -5.901321067833
 159  -2.289584446973  0.716389400257 -5.896923451585
 160  -2.214945747327  1.011730950822 -5.915180986468
 161  -2.188015506149  1.104327122819 -5.918312333039
 162  -1.921928783862  1.891632327803 -5.917673912814
 163  -1.967864326527  1.764007269957 -5.919835800477
 164  -2.329740670845  0.530240709766 -5.880356378338
 165  -0.942855913675  3.850866887894 -5.919356061833
 166  -1.611225934219  2.667108150720 -5.919064697014
 167  -1.158303980866  3.516475780813 -5.934523407803
 168  -1.041717420919  3.700244155130 -5.927226979283
 169  -0.819347116187  4.026717951568 -5.905537518939
 170  -1.662750574094  2.548091611528 -5.910064779572
 171  -1.452182057625  2.993861059473 -5.933708587092
 172  -1.392308743797  3.106907422106 -5.935999690534
 173  -1.244312098424  3.371010220015 -5.936705821872
 174  -1.321683123106  3.235361768481 -5.937119781088
 175  -1.491277463700  2.917160066006 -5.931279512695
 176  -1.548184571990  2.801032979912 -5.926294514763
 177   0.077405069252  5.125994003211 -5.964706594571
 178   0.127374738872  5.175973362092 -5.964060412603
 179  -0.593948826141  4.332364468945 -5.928422936333
 180  -0.433809220510  4.538658571399 -5.943331461464
 181  -0.192486916934  4.829934573484 -5.958582974437
 182  -0.691696575863  4.202289344763 -5.917793300069
 183  -0.248023039243  4.764948186026 -5.955826188516
 184  -0.385617442876  4.598749235776 -5.947085152997
 185  -0.061509828568  4.978079026022 -5.963199697947
 186  -0.071997030653  4.966557650351 -5.962955352554
 187   0.141407185714  5.165379947943 -5.954812462331
 188   0.233059491001 -0.250861663102 -3.926006430152
 189  -0.804611993982  4.047018087841 -5.903669120565
 190   2.106845202103  2.513353395810 -5.895244425178
 191   2.113134315808  2.499718153952 -5.895040378087
 192   0.232696516350 -0.310965855848 -3.904018687893
 193   0.228641456836 -0.368421464140 -3.884413136199
 194   2.913856173684 -0.575012535251 -5.908108203403
 195   0.735978611524 -0.709425733321 -4.094189070806
 196   2.914525804574 -0.592069439645 -5.908132986723
 197   0.231621689569 -1.120118869140 -3.662287492323
 198   0.734757506458 -0.709952958200 -4.093157947830
 199   2.291051054275 -2.898167223282 -5.855668673543
 200   2.299905015131 -2.887256111028 -5.856356999872
 201   0.768839867668 -1.310904454798 -4.103914000960
 202   2.284378038915 -2.906020353814 -5.854975239818
 203   0.513969348605 -1.684264091260 -4.112055737554
 204   0.231801299257 -1.124907172786 -3.662287492323
 205   0.754446287342 -1.303662152754 -4.091012987959
 206   0.503102033448 -3.840812607794 -5.799501589937
 207   0.488965641261 -3.842140950173 -5.799739599125
 208   0.226786389269 -1.131913857922 -3.662287492323
 209   0.508715888301 -1.676946756982 -4.105142527200
 210  -1.601819500404 -3.110987135105 -5.784802197518
 211   0.017883430775 -1.693949487180 -4.092736171111
 212  -1.615346228899 -3.098084807095 -5.784749205675
 213   0.217782021667 -1.132566387668 -3.662287492323
 214   0.028798488603 -1.672917527255 -4.074749254003
 215  -2.485872321536 -0.880650959078 -5.821816656222
 216  -0.327863774013 -1.372834624774 -4.099310107024
 217  -2.486928958718 -0.861364660691 -5.822389026423
 218   0.213088856083 -1.128121925140 -3.662287492323
 219  -0.307423959822 -1.368674087373 -4.082869649236
 220  -1.739175347036  2.363549509334 -5.900204318882
 221  -0.373827413206 -0.719071784349 -4.134287031338
 222  -1.666637652899  2.538704380847 -5.909253716134
 223   0.217094867154 -1.090205655318 -3.662287492323
 224   0.218162315148 -0.856540563348 -3.732558445998
 225   0.212576351786 -1.099259121255 -3.662287492323
 226  -0.332151318553 -0.767853131113 -4.094136943313
 227   0.127112519857  5.172035130738 -6.209215634456
 228   2.087316225047  2.546356650701 -6.171976155739
 229   2.040685038199  2.643476291850 -6.171690782618
 230   1.984430596121  2.756031662473 -6.172445549657
 231   1.059701493746  4.198838505378 -6.256371915436
 232   0.901531924694  4.393581068071 -6.237758292357
 233   0.483572210080  4.862517694322 -6.205254239669
 234   0.195922952991  5.120623074728 -6.206492723007
 235   0.136228543153  5.166140382024 -6.209688963772
 236   0.350363442330  4.990853502840 -6.202609957456
 237   0.408763956789  4.938549840865 -6.202322473934
 238   0.620961797611  4.713733985953 -6.213979782304
 239   0.723326414973  4.599289921102 -6.221792359863
 240   0.132058285594  5.168825738204 -6.210092890835
 241   1.268277036191  3.926240515608 -6.224914454138
 242   1.658889144678  3.345658996765 -6.182650860410
 243   1.539123324374  3.537432262035 -6.192003205940
 244   1.431007275079  3.698988257962 -6.203476070773
 245   1.905319745421  2.908244851472 -6.174628934917
 246   1.821807701920  3.062996980634 -6.175639287153
 247   1.784690643626  3.129251903252 -6.176750009318
 248   1.913866098047  2.891790233832 -6.174687433834
 249   1.062739399525  4.194847884560 -6.256820845013
 250   0.604270871510  3.459413788029 -6.677728484725
 251   2.682198797424  0.955269688855 -6.185404990930
 252   2.573982358240  1.341044577118 -6.160865596341
 253   2.428726419185  1.758492838185 -6.151843416331
 254   2.344087830631  1.967312092606 -6.154788724103
 255   2.274558986859  2.131353580734 -6.158995215463
 256   2.173765133736  2.358985246308 -6.167517670152
 257   2.602656555958  1.244795154544 -6.165945309577
 258   2.657447566513  1.049217027292 -6.178430992459
 259   2.500413997860  1.564092624650 -6.153526847681
 260   2.532072850383  1.473864478611 -6.155313194230
 261   2.122960498355  2.469005745824 -6.172937168979
 262   2.769954903887  0.566982842351 -6.176473299487
 263   2.885454984681 -0.237417675311 -6.154423079546
 264   2.852918871453  0.067000203400 -6.155046993923
 265   2.878986250448 -0.168889447994 -6.153972371962
 266   2.839171135012  0.163185642044 -6.157640043539
 267   2.806709776088  0.366973038377 -6.165437706272
 268   2.901666773897 -0.444539579541 -6.158092824858
 269   2.717831728419  0.805695807508 -6.195349010830
 270   2.748261384601  0.670947301277 -6.183998112923
 271   2.907200429644 -0.564404995415 -6.162875722706
 272   2.713178435638  0.824865124139 -6.197187920267
 273   2.118991891348  0.581225017234 -6.625247438445
 274   2.914622666542 -0.728851967745 -6.151822013014
 275   2.918814429608 -0.973007449597 -6.139392421115
 276   2.834023291499 -1.728083352290 -6.168247665634
 277   2.908575586808 -1.304763611603 -6.133472693196
 278   2.916377090323 -1.138536136194 -6.134599848396
 279   2.904744883288 -1.353174004634 -6.134217434985
 280   2.888946100500 -1.462608217463 -6.140815697868
 281   2.911558874472 -0.653655913153 -6.156870538097
 282   2.865225320152 -1.596647605382 -6.151905718921
 283   2.861508071777 -1.615121641406 -6.153742558627
 284   2.907622248618 -0.573268949755 -6.162722839576
 285   2.616193562873 -2.373683235020 -6.097190351066
 286   2.736749864484 -2.061158670347 -6.142067980975
 287   2.792216870709 -1.880065124539 -6.176849189465
 288   2.750339692980 -2.018726144885 -6.149855852690
 289   2.696135728268 -2.175642938164 -6.123464263177
 290   2.652687940528 -2.292257588003 -6.105781710001
 291   2.315669421399 -2.855352828414 -6.097994652154
 292   2.394697121784 -2.758887167782 -6.086342177820
 293   2.403589274870 -2.747465741775 -6.085245932137
 294   2.442523632705 -2.694048865324 -6.081737249780
 295   2.535690257939 -2.539203676510 -6.083579668370
 296   2.512923763722 -2.579148411904 -6.082331434855
 297   2.802785592633 -1.840605075537 -6.185353510323
 298   2.207281851568 -1.703056680364 -6.600679694368
 299   2.188954487910 -3.004970874638 -6.076275000877
 300   1.849082325796 -3.326116396619 -6.051353547366
 301   2.082852843630 -3.117030885892 -6.062002880194
 302   1.722371046341 -3.412541723929 -6.060378707803
 303   1.729901346088 -3.407801031297 -6.059624861142
 304   1.736287064210 -3.403490052735 -6.059145559216
 305   1.600629759199 -3.485512964116 -6.074584908867
 306   1.617734415546 -3.475875534778 -6.072250686554
 307   1.904036654198 -3.283563703802 -6.050227861583
 308   1.969073852247 -3.227921459609 -6.051800639745
 309   2.176528378120 -3.018716433035 -6.074261638914
 310   2.099477034546 -3.100048087162 -6.063922849925
 311   2.304605405719 -2.868198514892 -6.099875953172
 312   2.294696589956 -2.858724799777 -6.109508943659
 313   0.789384290301 -3.795236599711 -6.040841847451
 314   1.492773151617 -3.541252307336 -6.080401938220
 315   1.211061525610 -3.681771569051 -6.037718008476
 316   0.552687950944 -3.827285367376 -6.064485050088
 317   0.665255563957 -3.813476769755 -6.052249437992
 318   1.121844857590 -3.712753432534 -6.033553321219
 319   1.185499871095 -3.693684707919 -6.034424142319
 320   1.093391481887 -3.720288908460 -6.033847654133
 321   0.905004391332 -3.768551791564 -6.036923203198
 322   1.528385591242 -3.522450768084 -6.086515804567
 323   1.172322100309 -2.887849161861 -6.594454417786
 324  -0.278271749761 -3.790640409400 -6.071962416914
 325  -0.264168772537 -3.793724943445 -6.070341690953
 326   0.449209405521 -3.837040791499 -6.065269760081
 327   0.074407578843 -3.839162354339 -6.050957701503
 328  -0.589544383940 -3.701346809662 -6.122209573313
 329  -0.049114971683 -3.825358344030 -6.056137421868
 330  -0.170079548253 -3.808862314161 -6.063241885339
 331  -0.384724834669 -3.761956903507 -6.087881292220
 332  -0.391770595567 -3.759937514962 -6.089017423795
 333   0.174095283111 -3.844319184314 -6.050860445318
 334   0.138569485700 -3.843217119784 -6.050393101057
 335   0.283169629709 -3.844187472684 -6.054694094612
 336   0.328216837941 -3.843048822115 -6.057017233679
 337   0.504266417499 -3.831650626752 -6.070837560146
 338   0.504654949378 -3.822267631793 -6.077253542272
 339  -1.014299979769 -3.523186945123 -6.070318169090
 340  -1.559277114118 -3.143327024139 -6.070465863104
 341  -1.220573994913 -3.408192809495 -6.054203296770
 342  -1.283592638976 -3.361610662508 -6.055713066571
 343  -0.685373098128 -3.672060276390 -6.115396496669
 344  -0.766724268858 -3.643973415456 -6.099341276226
 345  -1.372760528419 -3.293451907194 -6.059112047523
 346  -1.506928811779 -3.187454968771 -6.066159314107
 347  -0.840306417151 -3.611726182413 -6.088663654521
 348  -0.886468573481 -3.589243804152 -6.083230149970
 349  -1.613426536125 -3.091441334590 -6.078426022761
 350  -0.625605729764 -3.690068784695 -6.128667587350
 351  -0.392613758572 -3.000069475538 -6.607497388405
 352  -1.744359891839 -2.959268263300 -6.060358585088
 353  -2.064297697095 -2.463706725601 -6.090977606900
 354  -1.968564895008 -2.635935561708 -6.071167391804
 355  -2.016665212692 -2.552644923284 -6.079678053748
 356  -1.863373605934 -2.793828833482 -6.063341849624
 357  -1.772339879225 -2.921370945172 -6.060616455453
 358  -1.650418038969 -3.056312076536 -6.072920319689
 359  -1.713894083263 -2.992107337078 -6.063824398109
 360  -2.182664468892 -2.216412822683 -6.130744567503
 361  -2.134584765549 -2.321789269324 -6.112400305349
 362  -1.617505972318 -3.087546147448 -6.078550723898
 363  -1.581455027317 -1.933413321067 -6.613165510013
 364  -2.475122869798 -1.035937532936 -6.087223978597
 365  -2.280368430334 -1.980037480493 -6.096060188369
 366  -2.410340084688 -1.504445724032 -6.068324929990
 367  -2.439856586791 -1.342715452560 -6.069621755884
 368  -2.359094218484 -1.742119523952 -6.072169548491
 369  -2.345840034677 -1.795336037062 -6.074331047345
 370  -2.451853867162 -1.262704634763 -6.072166922496
 371  -2.465818955251 -1.143962842792 -6.078749962039
 372  -2.198109939422 -2.181654481154 -6.127664558539
 373  -2.238384365965 -2.087555496992 -6.111538422300
 374  -2.186625598732 -2.207355588658 -6.132422923127
 375  -1.583075919561 -1.933466671111 -6.612180444981
 376  -2.466442116144 -0.286622223114 -6.094814527854
 377  -2.433435856652 -0.068094280257 -6.111106768743
 378  -2.485868604453 -0.439376494114 -6.085984142427
 379  -2.493849930962 -0.516969082190 -6.082822527869
 380  -2.349399055645  0.408441769742 -6.155098611178
 381  -2.397198020021  0.148524988212 -6.129726762208
 382  -2.489683816299 -0.770374548836 -6.093712330673
 383  -2.494308757317 -0.578271417961 -6.084427693837
 384  -2.483051084515 -0.889628879577 -6.102115799623
 385  -2.478138828929 -0.890452844474 -6.105588863778
 386  -2.135278978011  1.271268866099 -6.136994250421
 387  -2.046952116774  1.535970229514 -6.138836590412
 388  -1.813015120826  2.178253162405 -6.155729445345
 389  -2.291521341290  0.699428718566 -6.154907245709
 390  -2.262321810594  0.825647654535 -6.147605423163
 391  -1.741305601688  2.359380327147 -6.164126987757
 392  -2.214635138081  1.005708969459 -6.141008116493
 393  -2.175484312367  1.140553747943 -6.138245350597
 394  -1.906111884929  1.931938053439 -6.147109323635
 395  -1.977079810074  1.734890965865 -6.142434613915
 396  -1.667078977941  0.270412805635 -6.638008977962
 397  -2.325073466455  0.529623970515 -6.168359449910
 398  -1.669870143742  0.270101534230 -6.636305058423
 399  -0.923041803095  3.876673173989 -6.204070327597
 400  -1.142343794138  3.539728166866 -6.175843526541
 401  -1.077457740829  3.641911855923 -6.183523988035
 402  -1.685326729561  2.494520435161 -6.162813949052
 403  -1.462885912592  2.970293403765 -6.155324559719
 404  -1.381612855005  3.123749819320 -6.158080494188
 405  -1.277825771118  3.310824003076 -6.163996721721
 406  -1.302958318032  3.266773094913 -6.162227145748
 407  -1.504281594193  2.889056444051 -6.154749789190
 408  -1.550278721003  2.795162261648 -6.155088792150
 409  -1.638233103647  2.603368301850 -6.159039519602
 410  -1.584525798378  2.722377137259 -6.156116504479
 411  -1.722240808578  2.405416643153 -6.166792463143
 412  -1.711976528474  2.391182662721 -6.176201090836
 413   0.057171657659  5.102156409296 -6.205071434301
 414  -0.593356579733  4.330239380131 -6.203364068248
 415  -0.472144635563  4.486550732192 -6.198999512766
 416  -0.170901302724  4.851919215112 -6.196821347132
 417  -0.694568829202  4.195381448708 -6.208635855599
 418  -0.831297416715  4.007095075560 -6.218048221962
 419  -0.245527963058  4.764551459815 -6.196181172089
 420  -0.370067111264  4.613999354340 -6.196895020286
 421  -0.016317651134  5.023932191085 -6.201510118657
 422  -0.108702032966  4.922455857980 -6.198211065338
 423   0.124340514278  5.169251698053 -6.209977714264
 424  -0.834032279756  4.003201781211 -6.218284199219
 425  -0.272526228363  3.498029248462 -6.659263130837
 426   0.200497242915  2.745806828209 -6.873053337362
 427   1.051571956069  1.748028772717 -6.870721194346
 428   0.604100274469  3.452069559551 -6.679738000963
 429   0.666339187044  3.261185574663 -6.698783994591
 430   1.064064656519  1.722581784040 -6.870661236408
 431   1.751014532766 -0.637763376324 -6.865075244849
 432   2.108153981217  0.568212801382 -6.633670417349
 433   2.107449654719  0.556740945397 -6.634980781130
 434   1.751755585610 -0.669872418216 -6.864998807555
 435   2.204466771968 -1.703080618683 -6.602387611429
 436   2.188780485327 -1.718198230336 -6.606227373090
 437   0.385225257076 -2.506527049671 -6.860553182366
 438   1.168299430277 -2.884484136425 -6.597560976019
 439   1.161951653258 -2.884832873819 -6.598548386023
 440   1.363364709446 -1.995324175705 -6.861821679885
 441   1.363949652018 -1.995753566401 -6.861575908697
 442   0.344410187340 -2.509967720200 -6.860542862058
 443  -0.692515737006 -2.171408796718 -6.861295227984
 444  -0.392512876741 -2.998536545723 -6.608398093114
 445  -0.392701121960 -2.998292672221 -6.608461440091
 446  -0.706379560999 -2.159047656904 -6.861323947228
 447  -1.228819672599 -0.862321030601 -6.864385226507
 448  -1.573076682616 -1.929247617344 -6.618392808289
 449  -1.229457263178 -0.850406726457 -6.864413570263
 450  -0.659086372997  1.557378160243 -6.870178027495
 451  -1.650870783922  0.262940983485 -6.647580280144
 452   0.180838406785  2.745823201154 -6.873052352611
 453  -0.615952960014  1.659198829305 -6.870422785631
 454  -0.255209965964  3.495095217596 -6.668118341537
 455  -0.256645031918  3.493568730697 -6.668048407508
# facets:
#   id   num_of_sides   plane_coeff  (ax + by + cz + d = 0)
#   indices_of_vertices
   0   8    0.506838398176  0.246137090035  0.826154568494  3.183923575741
       190 192 193 224 223 197 198 191
   1   7    0.638923018486  0.023966058168  0.768897265247  2.694779242321
       205 196 194 195 198 197 204
   2   9    0.511976896895 -0.366438337653  0.776918658383  2.314413460849
       202 199 200 201 205 204 208 209 203
   3   6    0.044638077438 -0.615968330518  0.786505217937  2.173061824537
       208 213 214 207 206 209
   4   7   -0.426154435639 -0.450001168551  0.784787452300  2.457269847313
       219 212 210 211 214 213 218
   5   7   -0.625340606396 -0.011103902064  0.780272919786  2.978310313836
       226 217 215 216 219 218 225
   6   7   -0.502956087462  0.251021523291  0.827057053008  3.411774969957
       224 222 220 221 226 225 223
   7   8    0.000171485517  0.263913655536 -0.964546293868 -7.354068423911
       426 452 454 423 227 240 250 428
   8  10    0.430788261866  0.209418748734 -0.877818467063 -6.850320799954
       228 261 273 432 430 427 429 248 230 229
   9   7    0.518615954435  0.009934017816 -0.854949593307 -6.771061809002
       434 431 433 271 284 298 435
  10   5    0.380504916321 -0.339328065353 -0.860274649585 -7.099044555274
       441 436 312 323 438
  11   6    0.042624757858 -0.508217715787 -0.860173170575 -7.191545367823
       442 437 439 338 351 444
  12   7   -0.342451391077 -0.386071617667 -0.856548743961 -6.952506093721
       363 448 446 443 445 349 362
  13   9   -0.518398634929 -0.029775070184 -0.854620559371 -6.529138852072
       396 451 449 447 448 363 375 385 398
  14   7   -0.436142092516  0.182640999613 -0.881148307833 -6.625542157267
       453 450 451 396 412 425 455
  15  11    0.362442754471  0.332298696669  0.870754170776  3.417476753366
       35 17 18 24 23 19 22 21 20 187 188
  16  14    0.436349317949  0.306801795235  0.845855738980  3.296104528873
       190 27 33 34 30 31 32 26 28 29 25 35 188 192
  17  14    0.583235350168  0.192555216054  0.789150818972  2.938287540398
       56 36 43 42 37 45 44 38 39 40 41 191 198 195
  18  13    0.632845870054  0.102707247574  0.767435551725  2.749128388096
       194 52 53 47 49 48 50 51 46 55 54 56 195
  19  14    0.652534695219 -0.050015607518  0.756106414826  2.535735330594
       78 59 64 63 62 61 60 66 65 58 57 196 205 201
  20  14    0.592757498755 -0.268427375148  0.759332135459  2.308615543314
       200 77 67 71 72 68 69 76 75 70 74 73 78 201
  21  14    0.443034957598 -0.457701096433  0.770862979180  2.171235626588
       79 202 203 99 86 87 83 82 84 85 80 81 89 88
  22  13    0.173998685423 -0.607386534373  0.775116801091  2.074894168836
       206 93 94 90 98 97 95 96 92 91 99 203 209
  23  16   -0.063568501137 -0.629374329722  0.774497901062  2.104824073939
       123 106 107 100 101 105 104 103 109 108 110 111 102 207 214 211
  24  14   -0.330494158429 -0.543558281907  0.771568535786  2.242976551418
       210 113 118 117 114 122 121 112 120 119 116 115 123 211
  25  13   -0.546440014147 -0.339951826799  0.765399285599  2.491753503469
       143 131 132 124 126 125 127 128 130 129 212 219 216
  26  13   -0.636395656663 -0.128452331454  0.760592247347  2.732908596860
       138 134 142 141 143 216 215 133 140 139 136 135 137
  27  14   -0.625067324985  0.102835546348  0.773767206364  3.039254565172
       164 151 149 150 146 145 147 148 152 153 144 217 226 221
  28  13   -0.580613651557  0.195589989054  0.790336854643  3.191073351536
       220 158 156 162 163 155 154 161 160 157 159 164 221
  29  16   -0.478243022145  0.270229700141  0.835619243993  3.454794971312
       189 169 165 168 167 173 174 172 171 175 176 166 170 222 224 193
  30  15   -0.336773354002  0.325283837346  0.883614244563  3.629164676813
       178 177 185 186 181 183 184 180 179 182 189 193 192 188 187
  31  12    0.297776705617  0.327558942645 -0.896679526188 -7.300882125693
       231 249 250 240 235 234 236 237 233 238 239 232
  32  12    0.433790522028  0.228404786675 -0.871583063409 -6.872468694409
       245 248 429 428 250 249 241 244 243 242 247 246
  33  13    0.518103711243  0.198262397644 -0.832021974515 -6.725444083877
       256 255 254 253 259 260 252 257 258 251 272 273 261
  34  14    0.567477276898  0.058968612083 -0.821274767050 -6.677902327504
       273 272 269 270 262 267 266 264 265 263 268 271 433 432
  35  13    0.566742818705 -0.032181170183 -0.823266026101 -6.739882836643
       278 277 279 280 282 283 276 297 298 284 281 274 275
  36  18    0.495439267310 -0.307758953757 -0.812295733578 -6.979408999878
       290 285 295 296 294 293 292 291 311 312 436 435 298 297 287 288 286 289
  37  16    0.364231776367 -0.448796772746 -0.816037174311 -7.104374294302
       311 299 309 310 301 308 307 300 304 303 302 306 305 322 323 312
  38  15    0.157200906712 -0.561855774080 -0.812161291901 -7.162605442721
       314 315 319 318 320 321 313 317 316 337 338 439 438 323 322
  39  17   -0.028340080945 -0.563419881237 -0.825684490128 -7.157133605479
       351 338 337 326 336 335 333 334 327 329 330 325 324 331 332 328 350
  40  15   -0.322895576389 -0.463572393164 -0.825129737099 -6.969565215280
       351 350 343 344 347 348 339 341 342 345 346 340 349 445 444
  41  14   -0.476459419603 -0.357241313873 -0.803346167684 -6.756855428253
       363 362 358 359 352 357 356 354 355 353 361 360 374 375
  42  14   -0.586191721587 -0.113414983179 -0.802194681566 -6.451526075192
       366 367 370 371 364 384 385 375 374 372 373 365 369 368
  43  12   -0.574231692024  0.025724331983 -0.818288593724 -6.396253273419
       398 385 384 382 383 379 378 376 377 381 380 397
  44  15   -0.527207291710  0.170126658487 -0.832531916289 -6.451254954828
       391 411 412 396 398 397 389 390 392 393 386 387 395 394 388
  45  16   -0.464238643087  0.230510076970 -0.855188626374 -6.627774287292
       411 402 409 410 408 407 403 404 406 405 400 401 399 424 425 412
  46  15   -0.386663691104  0.323948575030 -0.863451510346 -6.988508395944
       455 425 424 418 417 414 415 420 419 416 422 421 413 423 454
  47   4    0.187869502991  0.157981216644 -0.969405480196 -7.134228791684
       428 429 427 426
  48   4    0.312835069377  0.088808892298 -0.945646445569 -6.983073697692
       432 433 431 430
  49   5    0.324033409362 -0.097205664720 -0.941038473371 -7.092970726017
       435 436 441 440 434
  50   5    0.162748685861 -0.313725821458 -0.935461904195 -7.266843305825
       441 438 439 437 440
  51   4   -0.105625545865 -0.325594085946 -0.939591259675 -7.226958241388
       444 445 443 442
  52   3   -0.297780808388 -0.122208484370 -0.946779634606 -6.970361998204
       448 447 446
  53   3   -0.304347220207  0.069821256983 -0.949998821907 -6.835990238659
       451 450 449
  54   4   -0.203107760723  0.146590464112 -0.968121104700 -7.019728849842
       455 454 452 453
  55  15   -0.000052075543 -0.002381748691 -0.999997162277 -6.866483570718
       452 426 427 430 431 434 440 437 442 443 446 447 449 450 453
  56   7    0.000000000000  0.000000000000  1.000000000000  3.662287492323
       208 204 197 223 225 218 213
  57   4   -0.799668468288  0.600408069381 -0.006363257613 -3.113872817076
       417 182 179 414
  58   4    0.775400707261  0.631275424054 -0.015655100258 -3.570260975339
       232 18 17 231
  59   7   -0.293931230759 -0.955438397671 -0.027237838380 -3.876450126295
       115 343 350 328 12 106 123
  60   6   -0.914355798497 -0.404232469860 -0.023443209389 -3.035402271455
       360 131 143 141 372 374
  61   4    0.901342674240  0.432818587222 -0.015794117524 -3.080978593146
       229 33 27 228
  62   5   -0.917752402645  0.397146928640 -0.002201024979 -2.550968291990
       402 170 166 16 409
  63   6    0.460531089121 -0.886560086311 -0.043844376077 -4.093592825846
       91 314 322 305 86 99
  64   8   -0.690100817875 -0.723412095917 -0.020875838900 -3.476705269839
       340 113 210 212 129 358 362 349
  65   6   -0.980654345985  0.195064277541 -0.016339563305 -2.484192416508
       380 149 151 5 389 397
  66   6    0.964239782971 -0.263786154729 -0.025661362195 -3.346808103535
       276 59 78 73 287 297
  67   7    0.094056452233 -0.995013331623 -0.033194181519 -4.061489449890
       102 326 337 316 93 206 207
  68   6    0.972014496548  0.233360034139 -0.027035402093 -2.997282791962
       251 36 56 54 269 272
  69   8   -0.998454790381 -0.054948291880 -0.008289558767 -2.578681684960
       364 133 215 217 144 9 382 384
  70   6    0.759872038911 -0.648992031857 -0.037467680308 -3.841191392610
       291 199 202 79 299 311
  71   6    0.998995168371  0.039250627065 -0.021634274806 -3.016176272717
       57 274 281 52 194 196
  72   4    0.643423058181  0.765444185384 -0.010097884062 -4.108284947628
       21 236 234 20
  73   5   -0.488424069561 -0.872143931247 -0.028405835019 -3.740567093136
       339 112 121 8 341
  74   6   -0.707067038244  0.707067038244 -0.010602210051 -3.632929897057
       413 177 178 0 227 423
  75   5    0.897360921229 -0.439612579171 -0.038524761982 -3.626063681808
       285 69 68 10 295
  76   4   -0.948568784294  0.316466487902 -0.008137782170 -2.477714499920
       386 154 155 387
  77   4   -0.860715316606  0.509025619265 -0.007877987844 -2.833698342842
       405 173 167 400
  78   4   -0.977417269753 -0.210432432427 -0.019330601932 -2.789796571531
       368 137 135 366
  79   4    0.848414975170  0.529119604036 -0.014982474168 -3.270311562904
       243 28 26 242
  80   4   -0.831020047697 -0.555269843554 -0.032879798755 -3.299191181960
       356 127 125 354
  81   4   -0.109678011571 -0.993451000779 -0.032028781265 -3.999663608444
       104 329 327 103
  82   4    0.256182417383 -0.966196716432 -0.028887266735 -4.048939967133
       318 95 97 320
  83   4    0.938056305054  0.346067241560 -0.016965637843 -2.991208844049
       253 38 44 259
  84   6    0.612076231441 -0.789083922834 -0.052050452731 -4.071340007422
       307 14 84 82 2 300
  85   4    0.989776626912  0.140866074248 -0.022337814221 -2.970680769341
       266 50 48 264
  86   4    0.996533989432 -0.078428925877 -0.027729253370 -3.170902260015
       61 279 277 60
  87   4   -0.992010295718  0.125320044070 -0.014507230718 -2.499235343914
       378 147 145 376
  88   4    0.734268099141  0.678750449174 -0.012173180738 -3.731045398016
       233 19 23 238
  89   4   -0.606489005744 -0.794691010397 -0.025244482670 -3.602799940909
       342 114 117 345
  90   4   -0.760375406051  0.649421948009 -0.008965228200 -3.336447893209
       419 183 181 416
  91   4    0.813543338826  0.581366655544 -0.012650994936 -3.393135013238
       241 25 29 244
  92   4    0.844292186928 -0.535804114590 -0.009200754404 -3.561995422123
       67 3 4 71
  93   4    0.940443924766 -0.338580646660 -0.030469166010 -3.458771908091
       286 70 75 289
  94   4    0.880012584538  0.474829026214 -0.010735311799 -3.123910991216
       30 245 246 31
  95   4   -0.890994270503  0.453984256175 -0.005244528110 -2.684171180732
       407 175 171 403
  96   4   -0.935441355141  0.353473832721 -0.002391793182 -2.480648047186
       394 162 156 388
  97   5    0.695227252898 -0.717418871549 -0.044376002220 -3.953280294679
       301 81 80 13 308
  98   4   -0.943182372170 -0.331222073805 -0.026437674847 -2.967801083156
       365 134 138 369
  99   4    0.920748662218  0.389886690694 -0.014500670450 -3.014593098501
       39 254 255 40
 100   4   -0.835777852470  0.549003434275 -0.008403003938 -2.951897609409
       401 168 165 399
 101   4   -0.966567892920  0.256280833046 -0.008163515716 -2.448471367766
       390 157 160 392
 102   4   -0.000000000000 -0.999410329740 -0.034336464723 -4.049817459846
       335 110 108 333
 103   4    0.957864959126  0.286462365381 -0.020833465846 -2.978038490991
       252 37 42 257
 104   4    0.984693597532 -0.171856544020 -0.029049049163 -3.274470379396
       63 282 280 62
 105   4   -0.879725273058 -0.474674001351 -0.027713469359 -3.154274506120
       124 353 355 126
 106   4   -0.988810989840 -0.148661081641 -0.012357555483 -2.687172225774
       367 136 139 370
 107   4   -0.404224769428 -0.914338380464 -0.024241736538 -3.789612316214
       119 347 344 116
 108   4    0.995361320431  0.094089346860 -0.020075771419 -2.973286600554
       47 263 265 49
 109   5    0.999299023533 -0.015698243505 -0.033985684003 -3.140694368054
       275 58 65 7 278
 110   5    0.535337525684 -0.843556960457 -0.042724560365 -4.059650194265
       87 6 302 303 83
 111   4   -0.986383154622  0.164179173000 -0.009668062453 -2.448203036132
       377 146 150 381
 112   4    0.983528008124  0.179624108725 -0.020194969660 -2.950905707821
       51 267 262 46
 113   4    0.148573172888 -0.988226269616 -0.036535631099 -4.088539805145
       313 90 94 317
 114   4   -0.210382706378 -0.977186302030 -0.029086903974 -3.939320035565
       100 324 325 101
 115   4    0.418394970654 -0.907568850057 -0.035558837683 -4.062857475204
       96 319 315 92
 116   4   -0.999869617458  0.007853119086 -0.014109450878 -2.575290242362
       383 152 148 379
 117   3   -0.803866999375 -0.593745378600 -0.035556612699 -3.374771030485
       352 1 357
 118   4   -0.780388110683  0.625208770325 -0.010411062062 -3.238025095043
       415 180 184 420
 119   6    0.794871621941  0.606626844117 -0.013526885415 -3.474084022597
       25 241 249 231 17 35
 120   4    0.755205997714  0.655334382378 -0.014168566990 -3.648487148563
       18 232 239 24
 121   4   -0.728953108719  0.684532532897 -0.006525081880 -3.491405191690
       177 413 421 185
 122   5   -0.818140216069  0.574998574378 -0.004819368612 -3.014158870405
       169 418 424 399 165
 123   5    0.789934460300 -0.612735975927 -0.023625669004 -3.725917105438
       3 67 77 292 293
 124   4    0.864713394926 -0.502265506660  0.000324737755 -3.467429912682
       72 11 10 68
 125   4   -0.876292598846  0.481745932898 -0.005668980875 -2.750460930709
       404 172 174 406
 126   4    0.864616374308  0.502209152601 -0.014983067847 -3.207158364627
       242 26 32 247
 127   4   -0.460843913184 -0.887162298267 -0.023789582068 -3.737482931543
       112 339 348 120
 128   4    0.542378254381  0.839995546955 -0.015274497388 -4.508272193137
       227 0 235 240
 129   5   -0.734124307737 -0.678617529767 -0.023232500574 -3.429585601104
       128 1 352 359 130
 130   4   -0.996251693773 -0.086284747699 -0.006124130098 -2.592509911571
       133 364 371 140
 131   4    0.225709858484 -0.973779024185 -0.028451218613 -4.045762921081
       90 313 321 98
 132   4   -0.256190332299 -0.966226567684 -0.027798085151 -3.902696932442
       107 331 324 100
 133   4    0.739300740542 -0.672711914101 -0.029884706115 -3.821363075499
       88 309 299 79
 134   4   -0.156350863890 -0.987160503705 -0.032688641538 -3.984749665437
       330 105 101 325
 135   4    0.911027678382 -0.411344769491 -0.028706268197 -3.534854512403
       69 285 290 76
 136   7    0.908052169079  0.418617783775 -0.014156600501 -3.048716404267
       41 256 261 228 27 190 191
 137   4   -0.955775666218  0.294034988112 -0.006025083510 -2.451621116561
       154 386 393 161
 138   4   -0.643298113356 -0.765295545561 -0.022141935271 -3.543066057733
       113 340 346 118
 139   4    0.439326948079 -0.896777875630 -0.052737789788 -4.152199153360
       314 91 92 315
 140   4    0.950780477834 -0.308927304042 -0.024091570864 -3.386768601116
       70 286 288 74
 141   4   -0.894240091521 -0.446826446503 -0.026091865065 -3.105752048837
       132 361 353 124
 142   4   -0.943503527935  0.331334855683 -0.004278572563 -2.466492475822
       163 395 387 155
 143   4    0.712606718874  0.701500121352 -0.009446902085 -3.814273987820
       19 233 237 22
 144   4   -0.929776403658  0.368124520127  0.000420574293 -2.484978137386
       388 156 158 391
 145   4    0.831408148663  0.555529164329 -0.012158861626 -3.320074172247
       28 243 244 29
 146   4    0.047074975587 -0.998222446602 -0.036549880623 -4.073051654076
       326 102 111 336
 147   5   -0.904823891290  0.425777804028 -0.002643359258 -2.609117385531
       16 166 176 408 410
 148   4   -0.932383618545 -0.360712017901 -0.023401453160 -2.983058150761
       134 365 373 142
 149   4    0.966367078909  0.256227588175 -0.021956590340 -2.972565468825
       36 251 258 43
 150   3   -0.999488591579 -0.031410194386 -0.005996248118 -2.549165145501
       9 144 153
 151   4    0.999466269912  0.015700870821 -0.028647128383 -3.077855469130
       58 275 274 57
 152   5   -0.974145762653  0.225794863896 -0.007530773120 -2.436554427002
       157 390 389 5 159
 153   3    0.567484445343 -0.821081642187 -0.061533252457 -4.152698036623
       300 2 304
 154   4    0.972078857500 -0.233375485837 -0.024465841750 -3.309097786498
       283 64 59 276
 155   4    0.660795891638 -0.749525812366 -0.039494888163 -3.959765267187
       13 80 85 15
 156   4    0.979001200220  0.202741402049 -0.021273783478 -2.958137027488
       46 262 270 55
 157   4    0.996625703524  0.078436143933 -0.024186326707 -3.005949364435
       263 47 53 268
 158   6    0.606652291685  0.794904966244 -0.009954478093 -4.251048216635
       20 234 235 0 178 187
 159   4    0.953324884181  0.301497071475 -0.016467577042 -2.959616975126
       37 252 260 45
 160   4   -0.983607491111 -0.179638624896 -0.015692924382 -2.736314888772
       136 367 366 135
 161   5    0.998336233443 -0.047080341638 -0.033289734553 -3.169346790451
       60 277 278 7 66
 162   4   -0.988844386300  0.148666102574 -0.009228739266 -2.452563886013
       146 377 376 145
 163   5   -0.594012694259 -0.804228915853 -0.019098951952 -3.581632593329
       114 342 341 8 122
 164   4    0.993697045455  0.109705175156 -0.023042491148 -2.984114938408
       264 48 49 265
 165   4   -0.062758616756 -0.997519648364 -0.031873298387 -4.017834145335
       103 327 334 109
 166   5    0.887281518003  0.460905842878 -0.017242732100 -3.137449513106
       245 30 34 230 248
 167   4   -0.994743772947  0.101919500021 -0.009861120542 -2.488035905286
       147 378 379 148
 168   4   -0.970385744640 -0.241045071636 -0.015772762594 -2.804935614045
       137 368 369 138
 169   4    0.926701809673  0.375352876454 -0.018274957888 -3.023185192266
       254 39 38 253
 170   4    0.989465021740 -0.140821726264 -0.033588869658 -3.270741188240
       279 61 62 280
 171   4   -0.864366878346 -0.502064233814 -0.028309092941 -3.196840503245
       126 355 354 125
 172   4   -0.844320436906  0.535822042571 -0.004211712005 -2.887179462200
       168 401 400 167
 173   4   -0.331205246155 -0.943134454037 -0.028292870607 -3.863267851427
       116 344 343 115
 174   4   -0.983648246933  0.179646068230 -0.012783445330 -2.463040587065
       149 380 381 150
 175   5   -0.813176378828 -0.581104422057 -0.032585695976 -3.336335904995
       127 356 357 1 128
 176   4    0.712205931965 -0.701105581056 -0.034837834132 -3.879974951914
       81 301 310 89
 177   4   -0.790138630791  0.612894346793 -0.006439239101 -3.162758136292
       414 179 180 415
 178   4   -0.750093016537  0.661295949381 -0.006937858081 -3.379739064427
       186 422 416 181
 179   4    0.914474129175  0.404284783305 -0.017055235474 -3.046742282985
       256 41 40 255
 180   4    0.987418432783  0.156391715842 -0.023376693882 -2.972916061428
       267 51 50 266
 181   4    0.125263356034 -0.991561563705 -0.033387977159 -4.066701499525
       93 316 317 94
 182   3   -0.278841577399 -0.959779004722 -0.032735864261 -3.917280264641
       332 12 328
 183   4   -0.992979109095 -0.117526822442 -0.013413981809 -2.664493268691
       370 139 140 371
 184   6    0.852534784364 -0.522433987775 -0.015721636907 -3.585413915292
       71 4 294 296 11 72
 185   5   -0.809002572273  0.587774774022 -0.005971019956 -3.064919240987
       418 169 189 182 417
 186   4   -0.618895635240 -0.785065370683 -0.025309216419 -3.588521919732
       118 346 345 117
 187   3    0.521664672180 -0.851279375413 -0.056474727058 -4.145784747972
       302 6 306
 188   7   -0.923878611706  0.382683050955  0.001411858073 -2.502946991352
       391 158 220 222 170 402 411
 189   4    0.286348926931 -0.957485646765 -0.035007546122 -4.087367088951
       319 96 95 318
 190   4   -0.770481686608  0.637397884216 -0.009050292709 -3.282167072100
       183 419 420 184
 191   5    0.561392895016 -0.826064559635 -0.049551596756 -4.086482070624
       83 303 304 2 82
 192   4    0.667143229675  0.744849914194 -0.010886524907 -4.018704269610
       22 237 236 21
 193   4   -0.712476767555 -0.701372195437 -0.021304909346 -3.448879837454
       130 359 358 129
 194   4    0.962068803542  0.271331464512 -0.028334671655 -3.016396806907
       257 42 43 258
 195   4    0.955428201957 -0.293928094148 -0.027626551999 -3.391011748509
       74 288 287 73
 196   4    0.934945764704 -0.353286564700 -0.032634648226 -3.489203201999
       76 290 289 75
 197   5    0.775079840553 -0.631014197484 -0.032746348529 -3.796283917673
       292 77 200 199 291
 198   4    0.943416115383  0.331304158579 -0.014268417725 -2.964922343204
       45 260 259 44
 199   4    0.808682649079 -0.587542336216 -0.028746760380 -3.732924489363
       294 4 3 293
 200   4   -0.977589191809  0.210469446277 -0.004688735732 -2.416700205181
       159 5 151 164
 201   4   -0.133041447544 -0.990504952172 -0.034639759792 -4.005353856083
       105 330 329 104
 202   4   -0.883743501572  0.467918097814 -0.007076522243 -2.726228249392
       172 404 403 171
 203   4    0.636937394461 -0.769925050115 -0.039066260931 -3.977832529875
       15 85 84 14
 204   4   -0.960256838396  0.278980400914 -0.008760149534 -2.460987776784
       161 393 392 160
 205   4   -0.439834148326 -0.897813200147 -0.021849018485 -3.745282223942
       120 348 347 119
 206   6    0.998581253846  0.047091896507 -0.024856241673 -3.029682876948
       52 281 284 271 268 53
 207   4    0.872453823432  0.488597617523 -0.009833317380 -3.146743143449
       31 246 247 32
 208   4    0.980532434134 -0.195040027766 -0.022705355744 -3.260537758652
       64 283 282 63
 209   5    0.494974440454 -0.867782572420 -0.044200795260 -4.085439709485
       306 6 87 86 305
 210   3    0.999182266485 -0.031400567732 -0.025471605528 -3.106246228664
       66 7 65
 211   4   -0.868627291398  0.495456259653 -0.003118238309 -2.769543626091
       173 405 406 174
 212   3   -0.508929654309 -0.860553048727 -0.020953693965 -3.681003272872
       122 8 121
 213   4    0.744827668119  0.667123304429 -0.013350711318 -3.690112370819
       24 239 238 23
 214   4   -0.907865643008 -0.418531794078 -0.024720671318 -3.060761438006
       361 132 131 360
 215   5   -0.999667026246 -0.023558459167 -0.010527850580 -2.571157347183
       152 383 382 9 153
 216   4    0.248549598426 -0.968036772565 -0.033584283290 -4.075780930646
       320 97 98 321
 217   4    0.868566515920 -0.495421593932 -0.012233220715 -3.534813758347
       11 296 295 10
 218   5   -0.271339028252 -0.962095622540 -0.027333950257 -3.890158976242
       106 12 332 331 107
 219   4    0.975570766850  0.218065902331 -0.026625948010 -2.992089007400
       55 270 269 54
 220   4   -0.940867276431  0.338733062638 -0.005355410180 -2.480729883259
       395 163 162 394
 221   4   -0.031395917739 -0.999034301304 -0.030736967440 -4.021125949596
       109 334 333 108
 222   4    0.023546823326 -0.999173277213 -0.033140748551 -4.048334235090
       110 335 336 111
 223   4   -0.739588230046  0.672973509423 -0.010765945952 -3.459806743218
       422 186 185 421
 224   4   -0.920569747101 -0.389810929929 -0.024469974052 -3.023890065866
       372 141 142 373
 225   4    0.894426548580  0.446919613814 -0.016248322497 -3.106943901123
       230 34 33 229
 226   5    0.648760784099 -0.759601282573 -0.045992787802 -4.007730359738
       15 14 307 308 13
 227   4    0.723062741128 -0.689767549981 -0.037429926345 -3.883338379070
       89 310 309 88
 228   4   -0.898023346809  0.439937098114 -0.003068923136 -2.640771554065
       175 407 408 176
 229   3   -0.911370393870  0.411499511467 -0.008494541716 -2.616640151433
       409 16 410
# edges:
#    vert1_id  vert2_id  facet_id  ind_in_list
   0  178   158    3
   0  235   128    1
   0  227    74    3
   1  128   175    3
   1  352   129    1
   1  357   117    1
   2   82   191    3
   2  304   153    1
   2  300    84    4
   3  293   199    2
   3   67   123    0
   3    4    92    1
   4    3   199    1
   4  294   184    1
   4   71    92    2
   5  151   200    1
   5  159   152    3
   5  389    65    3
   6   87   209    1
   6  306   187    1
   6  302   110    1
   7   65   210    1
   7   66   161    3
   7  278   109    3
   8  121   212    1
   8  122   163    3
   8  341    73    3
   9  153   215    3
   9  144   150    0
   9  382    69    5
  10   11   217    3
  10   68   124    2
  10  295    75    3
  11  296   217    0
  11   72   184    4
  11   10   124    1
  12  332   218    1
  12  328   182    1
  12  106    59    4
  13   15   226    4
  13   80   155    0
  13  308    97    3
  14  307   226    1
  14   15   203    3
  14   84    84    1
  15   14   226    0
  15   85   203    0
  15   13   155    3
  16  410   229    1
  16  166   147    0
  16  409    62    3
  17   35   119    4
  17  231    58    2
  17   18    15    1
  18  232   120    0
  18   17    58    1
  18   24    15    2
  19  233   143    0
  19   23    88    1
  19   22    15    5
  20  234   158    0
  20   21    72    3
  20  187    15    8
  21   22   192    3
  21  236    72    0
  21   20    15    7
  22  237   192    0
  22   19   143    3
  22   21    15    6
  23   24   213    3
  23  238    88    2
  23   19    15    4
  24  239   213    0
  24   18   120    3
  24   23    15    3
  25  241   119    0
  25   29    91    1
  25   35    16   10
  26   32   126    1
  26  242    79    2
  26   28    16    7
  27  190   136    4
  27  228    61    2
  27   33    16    1
  28  243   145    0
  28   26    79    1
  28   29    16    8
  29   28   145    3
  29  244    91    2
  29   25    16    9
  30   34   166    1
  30  245    94    0
  30   31    16    4
  31  246   207    0
  31   30    94    3
  31   32    16    5
  32   31   207    3
  32  247   126    2
  32   26    16    6
  33  229   225    2
  33   27    61    1
  33   34    16    2
  34   33   225    1
  34  230   166    2
  34   30    16    3
  35   25   119    5
  35  188    16   11
  35   17    15    0
  36  251   149    0
  36   56    68    1
  36   43    17    1
  37  252   159    0
  37   42   103    1
  37   45    17    4
  38  253   169    2
  38   44    83    1
  38   39    17    7
  39   38   169    1
  39  254    99    0
  39   40    17    8
  40  255   179    2
  40   39    99    3
  40   41    17    9
  41   40   179    1
  41  256   136    0
  41  191    17   10
  42   43   194    1
  42  257   103    2
  42   37    17    3
  43  258   194    2
  43   36   149    3
  43   42    17    2
  44   45   198    3
  44  259    83    2
  44   38    17    6
  45  260   198    0
  45   37   159    3
  45   44    17    5
  46  262   156    0
  46   51   112    3
  46   55    18    8
  47   53   157    1
  47  263   108    0
  47   49    18    3
  48   49   164    1
  48  264    85    2
  48   50    18    5
  49  265   164    2
  49   47   108    3
  49   48    18    4
  50  266   180    2
  50   48    85    1
  50   51    18    6
  51   50   180    1
  51  267   112    0
  51   46    18    7
  52  281   206    0
  52  194    71    3
  52   53    18    1
  53   52   206    5
  53  268   157    2
  53   47    18    2
  54   55   219    3
  54  269    68    3
  54   56    18   10
  55  270   219    0
  55   46   156    3
  55   54    18    9
  56   54    68    2
  56  195    18   11
  56   36    17    0
  57   58   151    3
  57  274    71    0
  57  196    19   10
  58  275   151    0
  58   65   109    1
  58   57    19    9
  59  276   154    2
  59   78    66    1
  59   64    19    1
  60  277   161    0
  60   61    86    3
  60   66    19    6
  61   62   170    1
  61  279    86    0
  61   60    19    5
  62  280   170    2
  62   63   104    3
  62   61    19    4
  63   64   208    3
  63  282   104    0
  63   62    19    3
  64  283   208    0
  64   59   154    1
  64   63    19    2
  65   66   210    2
  65    7   109    2
  65   58    19    8
  66    7   210    0
  66   60   161    4
  66   65    19    7
  67   77   123    1
  67    3    92    0
  67   71    20    2
  68   72   124    3
  68   10    75    2
  68   69    20    5
  69  285   135    0
  69   68    75    1
  69   76    20    6
  70  286   140    0
  70   75    93    1
  70   74    20    9
  71    4   184    0
  71   67    92    3
  71   72    20    3
  72   71   184    5
  72   11   124    0
  72   68    20    4
  73   74   195    3
  73  287    66    3
  73   78    20   11
  74  288   195    0
  74   70   140    3
  74   73    20   10
  75   76   196    3
  75  289    93    2
  75   70    20    8
  76  290   196    0
  76   69   135    3
  76   75    20    7
  77  200   197    1
  77  292   123    2
  77   67    20    1
  78   73    66    2
  78  201    20   12
  78   59    19    0
  79   88   133    3
  79  299    70    3
  79  202    21    0
  80   85   155    1
  80   13    97    2
  80   81    21   10
  81  301   176    0
  81   80    97    1
  81   89    21   11
  82   83   191    4
  82    2    84    3
  82   84    21    7
  83  303   191    0
  83   87   110    4
  83   82    21    6
  84   14   203    2
  84   82    84    2
  84   85    21    8
  85   84   203    1
  85   15   155    2
  85   80    21    9
  86  305   209    3
  86   99    63    4
  86   87    21    4
  87   86   209    2
  87    6   110    0
  87   83    21    5
  88   89   227    3
  88  309   133    0
  88   79    21   13
  89  310   227    0
  89   81   176    3
  89   88    21   12
  90  313   131    0
  90   94   113    1
  90   98    22    3
  91   92   139    1
  91  314    63    0
  91   99    22    9
  92  315   139    2
  92   96   115    3
  92   91    22    8
  93  316   181    0
  93  206    67    4
  93   94    22    1
  94   93   181    3
  94  317   113    2
  94   90    22    2
  95  318   189    2
  95   97    82    1
  95   96    22    6
  96   95   189    1
  96  319   115    0
  96   92    22    7
  97   98   216    1
  97  320    82    2
  97   95    22    5
  98  321   216    2
  98   90   131    3
  98   97    22    4
  99   91    63    5
  99  203    22   10
  99   86    21    3
 100  107   132    3
 100  324   114    0
 100  101    23    3
 101  325   134    2
 101  100   114    3
 101  105    23    4
 102  111   146    1
 102  326    67    0
 102  207    23   12
 103  327   165    0
 103  104    81    3
 103  109    23    7
 104  105   201    3
 104  329    81    0
 104  103    23    6
 105  330   201    0
 105  101   134    1
 105  104    23    5
 106   12   218    0
 106  123    59    5
 106  107    23    1
 107  106   218    4
 107  331   132    0
 107  100    23    2
 108  109   221    3
 108  333   102    2
 108  110    23    9
 109  334   221    0
 109  103   165    3
 109  108    23    8
 110  335   222    0
 110  108   102    1
 110  111    23   10
 111  110   222    3
 111  336   146    2
 111  102    23   11
 112  339   127    0
 112  121    73    1
 112  120    24    7
 113  340   138    0
 113  210    64    1
 113  118    24    1
 114  342   163    0
 114  117    89    1
 114  122    24    4
 115  116   173    3
 115  343    59    0
 115  123    24   11
 116  344   173    0
 116  119   107    3
 116  115    24   10
 117  118   186    3
 117  345    89    2
 117  114    24    3
 118  346   186    0
 118  113   138    3
 118  117    24    2
 119  120   205    3
 119  347   107    0
 119  116    24    9
 120  348   205    0
 120  112   127    3
 120  119    24    8
 121  122   212    2
 121    8    73    2
 121  112    24    6
 122    8   212    0
 122  114   163    4
 122  121    24    5
 123  115    59    6
 123  211    24   12
 123  106    23    0
 124  132   141    3
 124  353   105    0
 124  126    25    3
 125  126   171    3
 125  354    80    2
 125  127    25    5
 126  355   171    0
 126  124   105    3
 126  125    25    4
 127  356   175    0
 127  125    80    1
 127  128    25    6
 128  127   175    4
 128    1   129    0
 128  130    25    7
 129  130   193    3
 129  358    64    4
 129  212    25    9
 130  359   193    0
 130  128   129    4
 130  129    25    8
 131  360   214    2
 131  143    60    1
 131  132    25    1
 132  131   214    1
 132  361   141    0
 132  124    25    2
 133  364   130    0
 133  215    69    1
 133  140    26    7
 134  365   148    0
 134  138    98    1
 134  142    26    1
 135  136   160    3
 135  366    78    2
 135  137    26   11
 136  367   160    0
 136  139   106    1
 136  135    26   10
 137  368   168    0
 137  135    78    1
 137  138    26   12
 138  137   168    3
 138  369    98    2
 138  134    26    0
 139  140   183    1
 139  370   106    2
 139  136    26    9
 140  371   183    2
 140  133   130    3
 140  139    26    8
 141  142   224    1
 141  372    60    3
 141  143    26    3
 142  373   224    2
 142  134   148    3
 142  141    26    2
 143  141    60    2
 143  216    26    4
 143  131    25    0
 144  153   150    1
 144    9    69    4
 144  217    27   10
 145  146   162    3
 145  376    87    2
 145  147    27    5
 146  377   162    0
 146  150   111    1
 146  145    27    4
 147  378   167    0
 147  145    87    1
 147  148    27    6
 148  147   167    3
 148  379   116    2
 148  152    27    7
 149  380   174    0
 149  151    65    1
 149  150    27    2
 150  149   174    3
 150  381   111    2
 150  146    27    3
 151  164   200    2
 151    5    65    2
 151  149    27    1
 152  383   215    0
 152  148   116    1
 152  153    27    8
 153  152   215    4
 153    9   150    2
 153  144    27    9
 154  386   137    0
 154  155    76    1
 154  161    28    6
 155  163   142    3
 155  387    76    2
 155  154    28    5
 156  158   144    1
 156  388    96    2
 156  162    28    2
 157  390   152    0
 157  160   101    1
 157  159    28    9
 158  220   188    1
 158  391   144    2
 158  156    28    1
 159    5   200    0
 159  157   152    4
 159  164    28   10
 160  161   204    3
 160  392   101    2
 160  157    28    8
 161  393   204    0
 161  154   137    3
 161  160    28    7
 162  394   220    2
 162  156    96    1
 162  163    28    3
 163  162   220    1
 163  395   142    0
 163  155    28    4
 164  159   200    3
 164  221    28   11
 164  151    27    0
 165  169   122    4
 165  399   100    2
 165  168    29    2
 166  176   147    1
 166   16    62    2
 166  170    29   11
 167  168   172    3
 167  400    77    2
 167  173    29    4
 168  401   172    0
 168  165   100    1
 168  167    29    3
 169  189   185    1
 169  418   122    0
 169  165    29    1
 170  402   188    4
 170  166    62    1
 170  222    29   12
 171  172   202    3
 171  403    95    2
 171  175    29    8
 172  404   202    0
 172  174   125    1
 172  171    29    7
 173  405   211    0
 173  167    77    1
 173  174    29    5
 174  173   211    3
 174  406   125    2
 174  172    29    6
 175  407   228    0
 175  171    95    1
 175  176    29    9
 176  175   228    3
 176  408   147    2
 176  166    29   10
 177  413   121    0
 177  178    74    1
 177  185    30    1
 178  187   158    4
 178    0    74    2
 178  177    30    0
 179  180   177    1
 179  414    57    2
 179  182    30    8
 180  415   177    2
 180  184   118    1
 180  179    30    7
 181  186   178    3
 181  416    90    2
 181  183    30    4
 182  417   185    3
 182  179    57    1
 182  189    30    9
 183  419   190    0
 183  181    90    1
 183  184    30    5
 184  183   190    3
 184  420   118    2
 184  180    30    6
 185  421   223    2
 185  177   121    3
 185  186    30    2
 186  185   223    1
 186  422   178    0
 186  181    30    3
 187   20   158    5
 187  178    30   14
 187  188    15    9
 188  187    30   13
 188  192    16   12
 188   35    15   10
 189  182   185    2
 189  193    30   10
 189  169    29    0
 190  191   136    5
 190   27    16    0
 190  192     0    0
 191   41   136    6
 191  198    17   11
 191  190     0    7
 192  188    30   12
 192  190    16   13
 192  193     0    1
 193  192    30   11
 193  189    29   15
 193  224     0    2
 194  196    71    4
 194   52    18    0
 194  195     1    2
 195  194    18   12
 195   56    17   13
 195  198     1    3
 196   57    71    5
 196  205    19   11
 196  194     1    1
 197  223    56    2
 197  204     1    5
 197  198     0    5
 198  195    17   12
 198  197     1    4
 198  191     0    6
 199  291   197    3
 199  202    70    1
 199  200     2    1
 200  199   197    2
 200   77    20    0
 200  201     2    2
 201  200    20   13
 201   78    19   13
 201  205     2    3
 202   79    70    2
 202  203    21    1
 202  199     2    0
 203  209    22   11
 203   99    21    2
 203  202     2    8
 204  197    56    1
 204  208     2    5
 204  205     1    6
 205  201    19   12
 205  204     2    4
 205  196     1    0
 206  207    67    5
 206   93    22    0
 206  209     3    4
 207  102    67    6
 207  214    23   13
 207  206     3    3
 208  204    56    0
 208  213     3    0
 208  209     2    6
 209  206    22   12
 209  208     3    5
 209  203     2    7
 210  212    64    2
 210  113    24    0
 210  211     4    2
 211  210    24   13
 211  123    23   15
 211  214     4    3
 212  129    64    3
 212  219    25   10
 212  210     4    1
 213  208    56    6
 213  218     4    5
 213  214     3    1
 214  211    23   14
 214  213     4    4
 214  207     3    2
 215  217    69    2
 215  133    26    6
 215  216     5    2
 216  215    26    5
 216  143    25   12
 216  219     5    3
 217  144    69    3
 217  226    27   11
 217  215     5    1
 218  213    56    5
 218  225     5    5
 218  219     4    6
 219  216    25   11
 219  218     5    4
 219  212     4    0
 220  222   188    2
 220  158    28    0
 220  221     6    2
 221  220    28   12
 221  164    27   13
 221  226     6    3
 222  170   188    3
 222  224    29   13
 222  220     6    1
 223  225    56    3
 223  224     6    6
 223  197     0    4
 224  193    29   14
 224  222     6    0
 224  223     0    3
 225  218    56    4
 225  223     6    5
 225  226     5    6
 226  221    27   12
 226  225     6    4
 226  217     5    0
 227    0   128    0
 227  423    74    4
 227  240     7    4
 228   27   136    3
 228  229    61    3
 228  261     8    0
 229  230   225    3
 229   33    61    0
 229  228     8    9
 230   34   225    0
 230  248   166    3
 230  229     8    8
 231   17   119    3
 231  232    58    3
 231  249    31    0
 232  239   120    1
 232   18    58    0
 232  231    31   11
 233  237   143    1
 233   19    88    0
 233  238    31    8
 234  235   158    1
 234   20    72    2
 234  236    31    5
 235    0   158    2
 235  240   128    2
 235  234    31    4
 236   21   192    2
 236  234    72    1
 236  237    31    6
 237  236   192    1
 237   22   143    2
 237  233    31    7
 238   23   213    2
 238  233    88    3
 238  239    31    9
 239  238   213    1
 239   24   120    2
 239  232    31   10
 240  227   128    3
 240  235    31    3
 240  250     7    5
 241  249   119    1
 241   25    91    0
 241  244    32    6
 242   26   126    0
 242  243    79    3
 242  247    32    9
 243  244   145    1
 243   28    79    0
 243  242    32    8
 244   29   145    2
 244  241    91    3
 244  243    32    7
 245   30   166    0
 245  246    94    1
 245  248    32    0
 246  247   207    1
 246   31    94    2
 246  245    32   11
 247   32   207    2
 247  242   126    3
 247  246    32   10
 248  245   166    4
 248  429    32    1
 248  230     8    7
 249  231   119    2
 249  241    32    5
 249  250    31    1
 250  249    32    4
 250  240    31    2
 250  428     7    6
 251  258   149    1
 251   36    68    0
 251  272    33    9
 252  260   159    1
 252   37   103    0
 252  257    33    6
 253  254   169    3
 253   38    83    0
 253  259    33    3
 254   39   169    0
 254  255    99    1
 254  253    33    2
 255  256   179    3
 255   40    99    2
 255  254    33    1
 256   41   179    0
 256  261   136    1
 256  255    33    0
 257   42   194    0
 257  252   103    3
 257  258    33    7
 258  257   194    3
 258   43   149    2
 258  251    33    8
 259   44   198    2
 259  253    83    3
 259  260    33    4
 260  259   198    1
 260   45   159    2
 260  252    33    5
 261  228   136    2
 261  256    33   12
 261  273     8    1
 262  270   156    1
 262   46   112    2
 262  267    34    4
 263   47   157    0
 263  265   108    1
 263  268    34    9
 264   48   164    0
 264  266    85    3
 264  265    34    7
 265  264   164    3
 265   49   108    2
 265  263    34    8
 266  267   180    3
 266   50    85    0
 266  264    34    6
 267   51   180    0
 267  262   112    1
 267  266    34    5
 268   53   206    4
 268  263   157    3
 268  271    34   10
 269   54   219    2
 269  272    68    4
 269  270    34    2
 270  269   219    1
 270   55   156    2
 270  262    34    3
 271  268   206    3
 271  433    34   11
 271  284     9    3
 272  251    68    5
 272  269    34    1
 272  273    33   10
 273  272    34    0
 273  261    33   11
 273  432     8    2
 274   57   151    2
 274  281    71    1
 274  275    35   11
 275  274   151    1
 275   58   109    0
 275  278    35   12
 276  283   154    3
 276   59    66    0
 276  297    35    6
 277  278   161    1
 277   60    86    2
 277  279    35    1
 278    7   161    2
 278  275   109    4
 278  277    35    0
 279   61   170    0
 279  277    86    1
 279  280    35    2
 280  279   170    3
 280   62   104    2
 280  282    35    3
 281  284   206    1
 281   52    71    2
 281  274    35   10
 282   63   208    2
 282  280   104    1
 282  283    35    4
 283  282   208    1
 283   64   154    0
 283  276    35    5
 284  271   206    2
 284  281    35    9
 284  298     9    4
 285  290   135    1
 285   69    75    0
 285  295    36    1
 286  288   140    1
 286   70    93    0
 286  289    36   16
 287   73   195    2
 287  297    66    4
 287  288    36   14
 288  287   195    1
 288   74   140    2
 288  286    36   15
 289   75   196    2
 289  286    93    3
 289  290    36   17
 290  289   196    1
 290   76   135    2
 290  285    36    0
 291  292   197    4
 291  199    70    0
 291  311    36    7
 292   77   197    0
 292  293   123    3
 292  291    36    6
 293  294   199    3
 293    3   123    4
 293  292    36    5
 294    4   199    0
 294  296   184    2
 294  293    36    4
 295   10   217    2
 295  285    75    4
 295  296    36    2
 296  295   217    1
 296   11   184    3
 296  294    36    3
 297  276    66    5
 297  287    36   13
 297  298    35    7
 298  297    36   12
 298  284    35    8
 298  435     9    5
 299   79   133    2
 299  311    70    4
 299  309    37    1
 300    2   153    0
 300  307    84    5
 300  304    37    7
 301  310   176    1
 301   81    97    0
 301  308    37    4
 302    6   187    0
 302  303   110    2
 302  306    37   10
 303  304   191    1
 303   83   110    3
 303  302    37    9
 304    2   191    2
 304  300   153    2
 304  303    37    8
 305  306   209    4
 305   86    63    3
 305  322    37   12
 306    6   209    0
 306  302   187    2
 306  305    37   11
 307  308   226    2
 307   14    84    0
 307  300    37    6
 308   13   226    3
 308  301    97    4
 308  307    37    5
 309   88   227    2
 309  299   133    1
 309  310    37    2
 310  309   227    1
 310   89   176    2
 310  301    37    3
 311  291    70    5
 311  299    37    0
 311  312    36    8
 312  311    37   15
 312  436    36    9
 312  323    10    2
 313  321   131    1
 313   90   113    0
 313  317    38    6
 314   91   139    0
 314  322    63    1
 314  315    38    0
 315  314   139    3
 315   92   115    2
 315  319    38    1
 316  317   181    1
 316   93    67    3
 316  337    38    8
 317   94   181    2
 317  313   113    3
 317  316    38    7
 318  319   189    3
 318   95    82    0
 318  320    38    3
 319   96   189    0
 319  315   115    1
 319  318    38    2
 320   97   216    0
 320  318    82    3
 320  321    38    4
 321  320   216    3
 321   98   131    2
 321  313    38    5
 322  305    63    2
 322  314    38   14
 322  323    37   13
 323  322    38   13
 323  312    37   14
 323  438    10    3
 324  100   132    2
 324  325   114    1
 324  331    39   12
 325  330   134    3
 325  101   114    2
 325  324    39   11
 326  102   146    0
 326  337    67    1
 326  336    39    3
 327  334   165    1
 327  103    81    2
 327  329    39    8
 328  332   182    2
 328   12    59    3
 328  350    39   15
 329  104   201    2
 329  327    81    1
 329  330    39    9
 330  329   201    1
 330  105   134    0
 330  325    39   10
 331  107   218    3
 331  324   132    1
 331  332    39   13
 332  331   218    2
 332   12   182    0
 332  328    39   14
 333  108   221    2
 333  335   102    3
 333  334    39    6
 334  333   221    1
 334  109   165    2
 334  327    39    7
 335  336   222    1
 335  110   102    0
 335  333    39    5
 336  111   222    2
 336  326   146    3
 336  335    39    4
 337  316    67    2
 337  326    39    2
 337  338    38    9
 338  337    39    1
 338  439    38   10
 338  351    11    3
 339  348   127    1
 339  112    73    0
 339  341    40    6
 340  346   138    1
 340  113    64    0
 340  349    40   11
 341    8   163    2
 341  339    73    4
 341  342    40    7
 342  341   163    1
 342  114    89    0
 342  345    40    8
 343  115   173    2
 343  350    59    1
 343  344    40    2
 344  343   173    1
 344  116   107    2
 344  347    40    3
 345  117   186    2
 345  342    89    3
 345  346    40    9
 346  345   186    1
 346  118   138    2
 346  340    40   10
 347  119   205    2
 347  344   107    1
 347  348    40    4
 348  347   205    1
 348  120   127    2
 348  339    40    5
 349  340    64    7
 349  445    40   12
 349  362    12    5
 350  328    59    2
 350  343    40    1
 350  351    39   16
 351  350    40    0
 351  338    39    0
 351  444    11    4
 352  359   129    2
 352    1   117    0
 352  357    41    4
 353  124   141    2
 353  355   105    1
 353  361    41    9
 354  125   171    2
 354  356    80    3
 354  355    41    7
 355  354   171    1
 355  126   105    2
 355  353    41    8
 356  357   175    1
 356  127    80    0
 356  354    41    6
 357    1   175    2
 357  352   117    2
 357  356    41    5
 358  129   193    2
 358  362    64    5
 358  359    41    2
 359  358   193    1
 359  130   129    3
 359  352    41    3
 360  361   214    3
 360  131    60    0
 360  374    41   11
 361  132   214    0
 361  353   141    1
 361  360    41   10
 362  349    64    6
 362  358    41    1
 362  363    12    6
 363  362    41    0
 363  375    13    5
 363  448    12    0
 364  371   130    1
 364  133    69    0
 364  384    42    4
 365  373   148    1
 365  134    98    0
 365  369    42   11
 366  135   160    2
 366  368    78    3
 366  367    42    0
 367  366   160    1
 367  136   106    0
 367  370    42    1
 368  369   168    1
 368  137    78    0
 368  366    42   13
 369  138   168    2
 369  365    98    3
 369  368    42   12
 370  139   183    0
 370  367   106    3
 370  371    42    2
 371  370   183    3
 371  140   130    2
 371  364    42    3
 372  141   224    0
 372  374    60    4
 372  373    42    9
 373  372   224    3
 373  142   148    2
 373  365    42   10
 374  360    60    5
 374  372    42    8
 374  375    41   12
 375  374    42    7
 375  363    41   13
 375  385    13    6
 376  145   162    2
 376  378    87    3
 376  377    43    7
 377  376   162    1
 377  146   111    0
 377  381    43    8
 378  379   167    1
 378  147    87    0
 378  376    43    6
 379  148   167    2
 379  383   116    3
 379  378    43    5
 380  381   174    1
 380  149    65    0
 380  397    43   10
 381  150   174    2
 381  377   111    3
 381  380    43    9
 382    9   215    2
 382  384    69    6
 382  383    43    3
 383  382   215    1
 383  152   116    0
 383  379    43    4
 384  364    69    7
 384  382    43    2
 384  385    42    5
 385  384    43    1
 385  375    42    6
 385  398    13    7
 386  393   137    1
 386  154    76    0
 386  387    44   10
 387  155   142    2
 387  386    76    3
 387  395    44   11
 388  156   144    0
 388  394    96    3
 388  391    44   14
 389    5   152    2
 389  397    65    4
 389  390    44    6
 390  389   152    1
 390  157   101    0
 390  392    44    7
 391  158   188    0
 391  388   144    3
 391  411    44    0
 392  160   204    2
 392  390   101    3
 392  393    44    8
 393  392   204    1
 393  161   137    2
 393  386    44    9
 394  395   220    3
 394  162    96    0
 394  388    44   13
 395  163   220    0
 395  387   142    1
 395  394    44   12
 396  398    44    3
 396  412    14    3
 396  451    13    0
 397  380    65    5
 397  389    44    5
 397  398    43   11
 398  397    44    4
 398  385    43    0
 398  396    13    8
 399  165   122    3
 399  401   100    3
 399  424    45   12
 400  167   172    2
 400  405    77    3
 400  401    45   10
 401  400   172    1
 401  168   100    0
 401  399    45   11
 402  411   188    5
 402  170    62    0
 402  409    45    1
 403  171   202    2
 403  407    95    3
 403  404    45    6
 404  403   202    1
 404  172   125    0
 404  406    45    7
 405  406   211    1
 405  173    77    0
 405  400    45    9
 406  174   211    2
 406  404   125    3
 406  405    45    8
 407  408   228    1
 407  175    95    0
 407  403    45    5
 408  176   228    2
 408  410   147    3
 408  407    45    4
 409   16   229    0
 409  402    62    4
 409  410    45    2
 410  409   229    2
 410   16   147    4
 410  408    45    3
 411  391   188    6
 411  402    45    0
 411  412    44    1
 412  411    45   15
 412  396    44    2
 412  425    14    4
 413  421   121    1
 413  177    74    0
 413  423    46   12
 414  179   177    0
 414  417    57    3
 414  415    46    5
 415  414   177    3
 415  180   118    0
 415  420    46    6
 416  181   178    2
 416  419    90    3
 416  422    46    9
 417  418   185    4
 417  182    57    0
 417  414    46    4
 418  169   185    0
 418  424   122    1
 418  417    46    3
 419  420   190    1
 419  183    90    0
 419  416    46    8
 420  184   190    2
 420  415   118    3
 420  419    46    7
 421  422   223    3
 421  185   121    2
 421  413    46   11
 422  186   223    0
 422  416   178    1
 422  421    46   10
 423  413    74    5
 423  454    46   13
 423  227     7    3
 424  399   122    2
 424  418    46    2
 424  425    45   13
 425  424    46    1
 425  412    45   14
 425  455    14    5
 426  427    55    1
 426  428    47    3
 426  452     7    0
 427  430    55    2
 427  426    47    2
 427  429     8    5
 428  429    47    0
 428  250    32    3
 428  426     7    7
 429  427    47    1
 429  428    32    2
 429  248     8    6
 430  431    55    3
 430  432    48    3
 430  427     8    4
 431  434    55    4
 431  430    48    2
 431  433     9    1
 432  433    48    0
 432  273    34   13
 432  430     8    3
 433  431    48    1
 433  432    34   12
 433  271     9    2
 434  440    55    5
 434  435    49    4
 434  431     9    0
 435  436    49    0
 435  298    36   11
 435  434     9    6
 436  441    49    1
 436  435    36   10
 436  312    10    1
 437  442    55    7
 437  440    50    3
 437  439    11    1
 438  439    50    1
 438  323    38   12
 438  441    10    4
 439  437    50    2
 439  438    38   11
 439  338    11    2
 440  437    55    6
 440  441    50    4
 440  434    49    3
 441  438    50    0
 441  440    49    2
 441  436    10    0
 442  443    55    8
 442  444    51    3
 442  437    11    0
 443  446    55    9
 443  442    51    2
 443  445    12    3
 444  445    51    0
 444  351    40   14
 444  442    11    5
 445  443    51    1
 445  444    40   13
 445  349    12    4
 446  447    55   10
 446  448    52    2
 446  443    12    2
 447  449    55   11
 447  446    52    1
 447  448    13    3
 448  447    52    0
 448  363    13    4
 448  446    12    1
 449  450    55   12
 449  451    53    2
 449  447    13    2
 450  453    55   13
 450  449    53    1
 450  451    14    1
 451  450    53    0
 451  396    14    2
 451  449    13    1
 452  426    55    0
 452  453    54    2
 452  454     7    1
 453  452    55   14
 453  455    54    3
 453  450    14    0
 454  452    54    1
 454  455    46   14
 454  423     7    2
 455  454    54    0
 455  425    46    0
 455  453    14    6
