
# WPolyhedron::Dump
# num_vertices   num_facets   num_edges
   446  225 1338
# vertices:  ind  x y z
   0   0.118586089034  0.270665368037 -3.772557388912
   1   0.188910271274  0.584798357914 -3.917438780562
   2   0.372635861475  0.279680357247 -3.906265402639
   3   0.396263264017  0.310486454329 -3.929073581057
   4   0.391978216668 -0.146834796905 -3.905503305371
   5   0.413934705613 -0.146417117520 -3.924244617299
   6   1.635482647355 -1.839736812376 -5.394813603464
   7   0.223854663116 -0.498597768203 -3.886498345407
   8   0.239867595201 -0.525600880020 -3.907310640305
   9  -0.071975539771 -0.640572692496 -3.851639442172
  10  -0.073354376211 -0.646514110841 -3.854139297795
  11  -0.319243139435 -0.441958557369 -3.907791585949
  12  -0.328747772833 -0.454699436101 -3.916270864949
  13  -2.196675282223 -0.869500521070 -5.387101231907
  14  -0.361570249482 -0.000100673724 -3.937657502944
  15  -0.366831951198 -0.000367753134 -3.941796236101
  16  -0.192515459488  0.434633656193 -3.965215573171
  17  -1.637454253544  1.648251569936 -5.432038448143
  18  -0.199088933328  0.473528710486 -3.987882010194
  19  -1.526378911783 -3.428350370021 -5.409158583185
  20  -1.530360697997 -3.422695281077 -5.409300664653
  21  -0.066484405713 -3.848909980965 -5.404169664204
  22  -0.069945357779 -3.850994971691 -5.403966772285
  23   2.040717674225  2.136619839197 -5.484936385461
  24   1.411456612621  3.444467371022 -5.535694203584
  25   1.450027829915  3.383710259972 -5.534490427974
  26   0.201120668635  3.715667927735 -5.552382124038
  27   0.182193937046  3.704294973928 -5.552898329222
  28  -2.064519537424 -2.304674424682 -5.420149209117
  29   1.029152173098 -2.921833493570 -5.458860716019
  30  -1.706533997251  1.715808380430 -5.506734290461
  31  -2.308106658518 -0.910830337001 -5.476396422525
  32   2.275810883898  0.779956922552 -5.549527633927
  33  -0.960787689569  2.747101242780 -5.544071098213
  34  -2.159205742220  0.419024994550 -5.497855492630
  35   2.064029767191  2.064090339983 -5.497219399747
  36  -1.249310720217 -3.793635993688 -5.422068874124
  37  -0.971326168831 -4.070764039510 -5.404150980223
  38  -0.942766531533  2.767515838376 -5.547066047735
  39  -0.722528853639  2.995072884080 -5.571900984961
  40   0.503549873370 -3.438106681196 -5.467926274101
  41   0.660352980605 -3.297739984901 -5.471959729290
  42  -1.936080826606  1.187154226298 -5.539171536899
  43   0.943565715740  3.992802362962 -5.535549440796
  44  -1.601155243290 -3.323023051990 -5.423730298505
  45  -1.662539156553 -3.225218554388 -5.433193272818
  46   0.650104838358  3.947753535760 -5.549338044613
  47   0.526580643527  3.893274988878 -5.555080085378
  48   1.048284154162  3.893970497325 -5.544586639674
  49  -0.797331654438 -4.208891875049 -5.380731161968
  50  -0.756698713586 -4.199808601649 -5.387302277706
  51  -2.225119335782 -1.668977936188 -5.483754541008
  52  -2.187623211066 -1.862436240188 -5.473120797454
  53  -0.798671965991 -4.209236541874 -5.381398193486
  54   1.652151693585  3.051132873478 -5.547636364220
  55  -2.131858615858  0.544430305666 -5.511875263114
  56  -2.105303513067  0.645825123182 -5.519650636482
  57   2.184376782629 -0.429578761200 -5.523025631746
  58   2.210737382716 -0.270839514513 -5.539366943418
  59   0.336814402255 -3.571459322871 -5.455787945548
  60   0.254447689542 -3.633405110715 -5.447852205240
  61  -2.089502002004 -2.229585421195 -5.432271478596
  62  -2.307807029139 -0.937423759942 -5.478656408036
  63  -2.299736849867 -1.090459203236 -5.486796869360
  64  -1.487360008446  2.069636063610 -5.542019195891
  65  -1.323823534318  2.299700886969 -5.552080698270
  66  -1.342287154052  2.278511267235 -5.590479071697
  67  -2.283854926355 -0.360685924141 -5.516731348502
  68  -2.300691019374 -0.581141701213 -5.506563652128
  69   0.118691309567  3.666389654428 -5.560603411434
  70   0.104499232359  3.657112535379 -5.561893108540
  71  -2.265159014475 -0.190151971906 -5.519818721959
  72  -2.239350000288  0.001887404218 -5.519289878522
  73  -2.236407125039  0.028620194795 -5.542279745560
  74  -0.054856148569 -3.841896273326 -5.406144559306
  75   0.111169945894 -3.732739570284 -5.429892136448
  76   1.874555097109 -1.519688963169 -5.520231016000
  77   1.809389979380 -1.692279831902 -5.507322107218
  78  -1.918793364067  1.232837868799 -5.538410384477
  79   1.767757748842  2.828701893253 -5.544857014046
  80   1.681309684221  2.998057350384 -5.547902706743
  81   2.257671262405  0.141508564843 -5.562520732754
  82   2.234514941694 -0.084394163647 -5.552125641506
  83   1.802599148068  2.755084779663 -5.541915429439
  84  -0.197178445496  3.448462124014 -5.583165300086
  85  -0.171226453429  3.467912462510 -5.582140709494
  86   1.617945355033 -2.084143422052 -5.488237791373
  87   1.515051961382 -2.261294673197 -5.496322508377
  88   1.510914115319 -2.268491592581 -5.577261651881
  89  -1.059068826267  2.638159450511 -5.552075631942
  90  -1.069502816783  2.625974801964 -5.552628856006
  91  -2.169689327721  0.372940899647 -5.501596038574
  92  -2.200988731916  0.218065643765 -5.510854213505
  93  -2.213982618255  0.167839688843 -5.567277234625
  94  -1.814293149111 -2.938771468027 -5.444627279402
  95  -1.896323630617 -2.756985830328 -5.443590207876
  96   2.260810164095  0.181640236646 -5.563494258258
  97   2.272227092282  0.363609754889 -5.565386343308
  98  -0.638246206693  3.076225319642 -5.578222785651
  99   1.163183195880 -2.763174578709 -5.479311255546
 100   0.890142456272  4.030919521467 -5.526301815524
 101   0.887478905199  4.030175562282 -5.526651040859
 102   0.895878682485  4.032603025287 -5.529471929864
 103   0.887642196206  4.032695947465 -5.646003317599
 104   1.402781750564  3.458113495113 -5.537003112315
 105   1.301223312140  3.602335750100 -5.546471091237
 106   1.416106686571  3.434067167715 -5.708529600357
 107   1.302572854275  3.600090985990 -5.557415092690
 108  -1.941774989826  1.173051190442 -5.550263187423
 109  -1.991109505229  1.034489105693 -5.574533577303
 110   0.949255216500 -3.009735771666 -5.464889315693
 111   0.838899256413 -3.121902399883 -5.468652965484
 112  -1.566622656372  1.950423913089 -5.533450399491
 113  -0.855167427076 -4.167750482467 -5.390164472339
 114  -0.802979078402 -4.206535356395 -5.382225988800
 115  -0.258907420203 -3.964733204716 -5.407966493646
 116  -0.410250691488 -4.043345033872 -5.405136075480
 117  -0.263339882921 -3.967109825749 -5.452565332960
 118  -1.753936353558  1.628766569795 -5.519772126371
 119   2.207770672438  1.440050240358 -5.555396038446
 120  -0.646948293965 -4.161294715549 -5.398293777767
 121  -0.641379188023 -4.158829609801 -5.398604633780
 122   1.705996599906 -1.916761034505 -5.474536612458
 123   1.698865264018 -1.931070004387 -5.475969646568
 124   1.750548835422 -1.828013313532 -5.490653438576
 125   2.276292010084  0.769356951725 -5.550444066396
 126   2.279920680530  0.609965091283 -5.560994494851
 127   2.279915746349  0.609015627052 -5.563252424051
 128   1.529294252982  3.258684011418 -5.541372215079
 129   1.536408681993  3.247050869123 -5.541858281232
 130   1.561058157910  3.201151429311 -5.659494949618
 131   0.415297921564  3.837704936023 -5.556856752046
 132  -1.360567160530 -3.659080137679 -5.421072998072
 133   1.987081800513  2.300378870854 -5.505587965258
 134   1.949584415112  2.403725867656 -5.516464564789
 135   2.068732301678 -0.914957529601 -5.536149580954
 136   2.115193091776 -0.739658320176 -5.532329290748
 137  -0.393273798968  3.291496027551 -5.585543136649
 138  -0.476960718059  3.221111818669 -5.584735693084
 139  -0.488689003061  3.212895079123 -5.619620158568
 140   2.216108221903 -0.237150991895 -5.602865468482
 141   2.233315294935 -0.096276403969 -5.569292011159
 142  -2.308620710062 -0.887955138286 -5.479355938567
 143  -2.309461412208 -0.752668738598 -5.495006209669
 144   2.096845964388 -0.809934439925 -5.590027096161
 145   2.110076696640 -0.759680100839 -5.571087112859
 146  -1.811156104271  1.500347844117 -5.528820558483
 147  -1.838421502474  1.434864163953 -5.531902601689
 148   2.132775075038  1.801481016735 -5.528602230099
 149   2.126570770268  1.829572334163 -5.552598645533
 150   2.145456378870  1.754772616298 -5.593840835420
 151   2.176143522786 -0.470384313576 -5.517519875221
 152   2.178210430135 -0.460803772859 -5.518932445596
 153   2.143959819578 -0.620007142437 -5.527193787097
 154   2.152996365802 -0.579320247723 -5.618772226159
 155   2.218129885239  1.374374560473 -5.557532968660
 156   2.224420430692  1.325866198658 -5.627065684197
 157   2.069800565408  2.045008797588 -5.517959505589
 158   2.075458996017  2.024521097649 -5.527433260490
 159   1.033558661096 -2.917004273785 -5.459699331533
 160   1.099735297334 -2.840929582014 -5.470768468420
 161   0.060372546347  3.629772237512 -5.608706884132
 162  -0.118778718071  3.510497378886 -5.676079496416
 163  -2.049696293293  0.840285989359 -5.530814821019
 164  -1.996179632551  1.011097249265 -5.536878282780
 165  -1.998391108772  1.008131652949 -5.552204970544
 166   2.273002103152  0.826898556215 -5.549031616767
 167   2.275387924606  0.788924819156 -5.549529784960
 168   2.264432770172  0.962444439450 -5.555329134625
 169   1.933625308459 -1.351042008259 -5.528891742697
 170   1.967969984922 -1.245216807336 -5.531990326665
 171   1.993948191244 -1.163346541318 -5.580236176672
 172  -2.025176122731 -2.427241228386 -5.430122812604
 173  -2.003293676470 -2.485495157931 -5.433013885335
 174  -1.173104490408  2.496793325521 -5.554193759179
 175  -1.199615486907  2.462606676508 -5.554052716301
 176  -1.643770318975  1.824931443082 -5.520576222251
 177  -1.618371237297  1.866699693867 -5.525031718300
 178  -1.577960903696  1.937537023741 -5.593015990190
 179   1.393439789034 -2.451143200198 -5.497485738583
 180   1.456893614005 -2.356213268013 -5.498652456239
 181   1.416399807647 -2.418996054191 -5.570428794956
 182   1.446678541631 -2.373187835541 -5.554196841658
 183  -2.293416917207 -1.172443955627 -5.489627312330
 184  -2.271575064903 -1.371201012541 -5.491490568307
 185   2.181295261180  1.585421411625 -5.547702408427
 186   2.174711150887  1.619209663580 -5.590624563229
 187   2.158150560145  1.696797883424 -5.539416959001
 188   2.156170379867  1.707652730014 -5.567236893410
 189  -0.938413743789  2.773144311090 -5.554886170436
 190  -0.986450529552  2.728823784667 -5.649614684928
 191  -2.100791673552  0.664917919431 -5.532651638877
 192  -2.051871880416  0.847566979015 -5.584707668107
 193  -2.048205322276  0.863451634101 -5.601039430586
 194  -0.766813805549 -4.203423625050 -5.412227628184
 195  -0.797656083170 -4.212713920798 -5.454240499700
 196  -2.177655615325 -1.901802625419 -5.469164906515
 197  -2.122838909813 -2.110391596147 -5.446669344366
 198   1.156699783619  3.776926910941 -5.548393811219
 199   1.115430259820  3.822341967184 -5.547269176878
 200   2.058586481040 -0.950906815369 -5.536402650937
 201   2.015895853939 -1.093695589655 -5.535354817692
 202   2.038779121314 -1.014524962013 -5.603134061505
 203   2.006833050686 -1.122559304333 -5.572133723721
 204   2.253139563589  1.105898782708 -5.560135236319
 205   2.250634171748  1.132301979804 -5.560663035321
 206   2.250491259921  1.133301543881 -5.563337979095
 207   2.261388152768  1.000304720218 -5.655863216315
 208  -2.262359753704 -1.436604156653 -5.490548969317
 209  -2.270876916672 -1.377106662016 -5.491508241286
 210  -1.140466924048 -3.911144845802 -5.418162334765
 211  -1.090389963908 -3.959481068813 -5.414386524186
 212  -2.268120714567 -0.206481810684 -5.547086572960
 213   1.300948154774 -2.584913339603 -5.493807762762
 214   1.262078423278 -2.635829126721 -5.489984148250
 215  -2.238567996289  0.014217531251 -5.550312929029
 216  -2.260416483580 -0.140504951466 -5.588168505795
 217  -1.435236780404 -3.558599515407 -5.416890193768
 218  -1.390155571485 -3.620860347950 -5.419967007328
 219   1.881459866397  2.574376335186 -5.530755225057
 220   1.843877526175  2.664385501504 -5.537317364067
 221  -1.417197569981  2.176305825767 -5.612137131409
 222  -1.471682859659  2.095088153895 -5.571051665622
 223  -1.779475454344 -3.012720257266 -5.444207718192
 224  -1.770993589377 -3.028999210530 -5.443640642781
 225  -0.849307890715 -4.179820242921 -5.542678017080
 226  -0.810841529807 -4.204660999361 -5.462336023390
 227   0.280643661864  3.763674774816 -5.555453823961
 228   0.346155612694  3.801096356602 -5.556871299835
 229  -1.710318342468  1.709385036674 -5.507925741899
 230  -1.746140355407  1.643904740841 -5.517863623023
 231   0.061751233090 -0.064864577731 -3.627203548584
 232   0.061989295080 -0.069882221757 -3.627203548584
 233   0.056574140228 -0.083161460044 -3.627203548584
 234   0.042718945629 -0.093188863137 -3.627203548584
 235   0.034100483299 -0.079957256590 -3.627203548584
 236   0.033988551301 -0.068557995136 -3.627203548584
 237   0.051703663236 -0.049943646912 -3.627203548584
 238   0.038860999714 -0.058328094028 -3.627203548584
 239  -0.810504900433 -4.210356536498 -5.603303106780
 240   1.416735965543  3.433027915945 -5.711210655912
 241   1.295524009363  3.600839287514 -5.696073867537
 242   0.948022308124  3.979320159368 -5.705388561067
 243   1.057847170850  3.876830450155 -5.693647816598
 244   0.885023403942  4.030833341823 -5.715861879289
 245   1.153699689995  3.772559080734 -5.691013672447
 246   1.085283659551  3.847665066923 -5.692544081535
 247   1.736164887829  2.878641168151 -5.664001658606
 248   1.713360286716  2.923175385918 -5.666197200164
 249   1.785586269286  2.773919030779 -5.661898184597
 250   1.436110327407  3.402467275600 -5.712984147536
 251   1.545726590901  3.224664647753 -5.690704113211
 252   1.992907811353  2.271761070363 -5.673398854745
 253   1.964508967348  2.351009361746 -5.668440035024
 254   1.894740494880  2.527858212009 -5.662027670319
 255   1.872947536603  2.580602746212 -5.660831905707
 256   1.430286888113  3.411620822730 -5.714262326102
 257   1.094887756883  3.162156919058 -6.039033859395
 258   2.177864652820  1.598984373502 -5.646737865430
 259   2.144645552678  1.753034052483 -5.649217732994
 260   2.199656733072  1.479613331670 -5.647666664344
 261   2.223046646061  1.331455696662 -5.651459392701
 262   2.051944011557  2.090342750259 -5.669058467309
 263   2.083634809451  1.982091490325 -5.661290423138
 264   2.267345759690  0.903160750344 -5.679253683402
 265   2.251429184447  1.104356998907 -5.662664868931
 266   2.261628177270  0.994948727490 -5.670571388843
 267   2.015919820623  2.200537161436 -5.679683244470
 268   2.013498221054  2.200615879516 -5.681420205065
 269   2.277942427475  0.513562808283 -5.656312175775
 270   2.188201847439 -0.404016742776 -5.638391306262
 271   2.251036991942  0.076011702808 -5.636275519273
 272   2.260550565228  0.197944719338 -5.640401207057
 273   2.275554998905  0.439339028218 -5.651338960069
 274   2.275819978298  0.724492361557 -5.676887262271
 275   2.277677559541  0.649817803914 -5.668803083609
 276   2.214700186931 -0.244923070115 -5.633586867996
 277   2.240507745433 -0.026737940158 -5.634616060434
 278   2.271236468415  0.816637065139 -5.688519991986
 279   1.854314202114 -1.572184675513 -5.621529120829
 280   1.800359012273 -1.714898185199 -5.628604720317
 281   1.708210743410 -1.916874769774 -5.650915464583
 282   1.745061849568 -1.842851626792 -5.640340233544
 283   2.040210300899 -1.008291225684 -5.614830240681
 284   2.093152939318 -0.820089850443 -5.619683039503
 285   2.157545314912 -0.558399714559 -5.633614704731
 286   2.157097693866 -0.560476579844 -5.633454741015
 287   1.937730023197 -1.335000781903 -5.614642101217
 288   1.975475124293 -1.218871461038 -5.613682114917
 289   2.175479765209 -0.467785871106 -5.641836508055
 290   2.170008554252 -0.469754142925 -5.645615980513
 291   1.486327304418 -2.308819562717 -5.614755803134
 292   1.634735473050 -2.055371506279 -5.637047562428
 293   1.565220545107 -2.175040359942 -5.626130460928
 294   1.147837463729 -2.784856588719 -5.614833668123
 295   1.036290397712 -2.916690542662 -5.627356916046
 296   1.107507921531 -2.834468018077 -5.618389582678
 297   1.400168579092 -2.443037361933 -5.608263523215
 298   1.458835317480 -2.353665494827 -5.611676554363
 299   1.309684667901 -2.573930257399 -5.606467481350
 300   1.205213329846 -2.710841212831 -5.611488817440
 301   1.291888529345 -1.806354589435 -6.002050124089
 302   1.701647228980 -1.929311906092 -5.652981957850
 303   1.293230107971 -1.805965677676 -6.001302269706
 304   0.504178020228 -3.439615933003 -5.575228153248
 305   0.664315295983 -3.296379358333 -5.585292653115
 306   0.412350618782 -3.513189262500 -5.575532519650
 307   0.263886067576 -3.624583532144 -5.581387006535
 308  -0.045892446423 -3.835171160483 -5.609100550969
 309   0.046465013905 -3.774544039856 -5.599307152079
 310   0.947687219420 -3.014004167764 -5.623615349928
 311   0.814956778050 -3.148506724016 -5.604076468192
 312   0.995854472348 -2.961227869295 -5.633519946842
 313   0.994444142857 -2.960354621131 -5.634946001330
 314  -0.203562895362 -3.930185026107 -5.595575319053
 315  -0.400486058573 -4.038569428814 -5.583622582605
 316  -0.347762096069 -4.011184562908 -5.585451029290
 317  -0.671704800667 -4.170451251822 -5.581764278568
 318  -0.608872527668 -4.142692057313 -5.579849463697
 319  -0.797408418626 -4.214628928702 -5.595131203790
 320  -0.801485828554 -4.215788222631 -5.595794566464
 321  -0.809604941801 -4.210921319506 -5.603139865362
 322  -0.294456419316 -3.553265247678 -5.948520790239
 323  -0.057792031713 -3.842323975193 -5.610829629256
 324  -0.277071064957 -3.554998470785 -5.940086981534
 325  -1.261200950750 -3.790585437738 -5.583328096634
 326  -0.979566357059 -4.072313129411 -5.585086381317
 327  -1.354683627218 -3.678382829741 -5.594701381307
 328  -1.154801262007 -3.905402095283 -5.578629839643
 329  -1.087344143511 -3.970859659110 -5.580344530068
 330  -1.454318607109 -3.545979208998 -5.615023070640
 331  -1.393011663313 -3.629413392231 -5.601262168239
 332  -0.853300972031 -4.179073027008 -5.598380643199
 333  -0.817158064156 -4.205579798943 -5.604778961474
 334  -1.131130173227 -3.313299129441 -5.972743966092
 335  -1.594136487645 -3.345116080024 -5.588809576121
 336  -1.685434909182 -3.197592452449 -5.571576522301
 337  -1.818098211597 -2.942595200435 -5.561985450587
 338  -1.904130678059 -2.752390949000 -5.565209330594
 339  -2.035897291670 -2.417486151845 -5.586720324964
 340  -1.996683007677 -2.520357875139 -5.579100861704
 341  -1.787997019052 -3.006549150784 -5.561844147135
 342  -1.754720414528 -3.070808791708 -5.564136850232
 343  -1.472933669107 -3.519837012235 -5.619718644861
 344  -1.131199461678 -3.313294460905 -5.972702176184
 345  -2.236053110178 -1.641826459345 -5.587120136588
 346  -2.196565049112 -1.847444656438 -5.582372648781
 347  -2.099810401929 -2.221935779402 -5.594495558763
 348  -2.317702124779 -0.896689655981 -5.655715446167
 349  -2.304644156534 -1.111541825905 -5.627168534436
 350  -2.297000297419 -1.202531095781 -5.616846787539
 351  -2.290151125540 -1.262014214146 -5.611647956944
 352  -2.154491087148 -2.017579876073 -5.586305746540
 353  -2.142316468473 -2.065305510138 -5.587720312597
 354  -2.256135040954 -1.517484137456 -5.593166831380
 355  -2.273602414383 -1.397445845762 -5.600609425228
 356  -2.076198606063 -2.295529663656 -5.600723056324
 357  -2.068218426083 -2.294182715182 -5.607644219588
 358  -2.291000231100 -0.386445377904 -5.617942845374
 359  -2.309965295024 -0.619518781165 -5.630239118172
 360  -2.180247826823  0.351623952543 -5.620296992587
 361  -2.200235319997  0.250019934429 -5.616111229967
 362  -2.317988597604 -0.871900019954 -5.653745858115
 363  -2.317190990167 -0.741703912034 -5.638897825817
 364  -2.284062258710 -0.324275393624 -5.616193594556
 365  -2.244107582565 -0.026714503243 -5.613317430650
 366  -2.264831914339 -0.172345748837 -5.613772217648
 367  -2.317799590431 -0.892670647537 -5.656372206173
 368  -2.140443873611  0.528466605553 -5.614664001564
 369  -1.873057396588  1.361640181517 -5.627563178076
 370  -1.939126062215  1.185928280379 -5.617618186925
 371  -2.006344084750  0.993952472267 -5.610459672552
 372  -1.765533159032  1.617132742638 -5.650576466370
 373  -1.810411867251  1.514448293452 -5.640085195685
 374  -1.871503152768  1.365606214023 -5.627834671793
 375  -2.094982046124  0.699235229530 -5.610334127151
 376  -2.048202606066  0.864720745104 -5.608171671339
 377  -1.727208514878  1.692216315851 -5.662360124929
 378  -1.737798244633  1.672275571743 -5.658923477677
 379  -2.172381813313  0.387286541372 -5.622458908666
 380  -2.160275902674  0.379446369312 -5.633252553013
 381  -1.308788897787  2.327125400453 -5.650833243176
 382  -1.107438509692  2.587581514486 -5.656817883728
 383  -1.115659079082  2.577286408307 -5.656420603089
 384  -1.270192324952  2.377763613118 -5.651658921211
 385  -1.652219050878  1.821772814616 -5.668230031157
 386  -1.579660245440  1.939555345499 -5.659579586809
 387  -0.978578543358  2.739075355636 -5.667510681388
 388  -1.426448673644  2.165217542138 -5.651722042239
 389  -1.489233702057  2.074515542302 -5.654141207498
 390  -1.692629752651  1.752693530190 -5.674620583279
 391  -0.768925962213  2.960402521534 -5.652653123621
 392   0.140477341809  3.686525634521 -5.726327059071
 393  -0.238707435840  3.420379256883 -5.673937812928
 394  -0.705564014752  3.020769438273 -5.652001610083
 395  -0.614975005002  3.102042036091 -5.654049450059
 396  -0.373307192015  3.311953511477 -5.663597443667
 397  -0.456954270173  3.241425978530 -5.659033373745
 398   0.053066791249  3.628611599463 -5.712215209280
 399  -0.118382943158  3.511161025615 -5.686817866779
 400  -0.859050709522  2.869457791040 -5.656586156633
 401  -0.978246183383  2.739443974308 -5.667548252346
 402  -0.961597455292  2.732252364323 -5.681019857832
 403   0.681496356132  3.965142671149 -5.703321651618
 404   0.534968434002  3.900391873208 -5.704572381124
 405   0.832297248764  4.018451580557 -5.711822639425
 406   0.875538862816  4.030743098914 -5.716459190702
 407   0.377990547817  3.822108802366 -5.712458095447
 408   0.259037059225  3.757727442970 -5.722149640308
 409   0.300725857858  3.781346718899 -5.717977707584
 410   0.881090635884  4.030740399521 -5.718215245200
 411   0.878426751423  4.019847059463 -5.725372481690
 412   0.173282833207  3.706543535685 -5.732639654851
 413   0.692712578816  2.969996586153 -6.161701577583
 414   1.175770126469  2.123233657866 -6.160355118119
 415   1.077136954587  3.173359564078 -6.043686060019
 416   1.088765891877  3.162665067014 -6.042361847517
 417   1.227363093279  1.945529629577 -6.160078488519
 418   1.328687791028 -0.372666795509 -6.156538022710
 419   1.843277577099  0.836673122491 -5.994630876014
 420   1.848758351814  0.808617344688 -5.993360264413
 421   1.850007871761  0.813976321773 -5.992940267832
 422   1.316674571447 -0.431317545464 -6.156450188242
 423   0.415137030467 -2.352525522453 -6.153633654755
 424   1.291883156339 -1.806351963402 -6.002053633734
 425   0.351269072846 -2.418083137137 -6.153541497251
 426  -0.603781427301 -3.028083564841 -6.152727052358
 427  -0.294563538079 -3.549474027213 -5.950206136951
 428  -0.636449351449 -3.020794804123 -6.152742045374
 429  -1.251140827379 -2.092280082026 -6.154228645746
 430  -1.127796442023 -3.306046461171 -5.976319633021
 431  -1.291144124265 -1.973421947884 -6.154414326594
 432  -1.392305056466  0.205887865468 -6.157743382842
 433  -1.909555768634 -0.936804717733 -5.989674820508
 434  -1.912913404836 -0.916562588150 -5.989000538647
 435  -1.914231623728 -0.921702473334 -5.988538652696
 436  -1.389003491033  0.219970320608 -6.157764422726
 437  -0.391467734653  2.201965708414 -6.160662018205
 438  -1.312090940172  1.506250169198 -6.013908174609
 439  -1.294778114197  1.542941943237 -6.013666981992
 440  -1.307653697708  1.528718922535 -6.012185640412
 441   0.647577171138  2.980826541717 -6.161723448547
 442  -0.306644600174  2.297280882991 -6.160796966464
 443   0.350488217095  3.395853007288 -6.014593270144
 444   0.380956308264  3.409169381595 -6.016612983530
 445   0.356043508105  3.401829197792 -6.014131664513
# facets:  num_of_sides   plane_coeff
#          vertex_inds
  8    0.436928278448  0.294222086580  0.850015907652  3.075284448026
    0 237 231 2 3 25 24 1 (0)
  8    0.648575502116  0.030771647754  0.760528055860  2.720535715941
    2 231 232 4 5 32 167 166 (2)
  6    0.592102713026 -0.241454201672  0.768839544848  2.735160139505
    4 232 233 7 8 6 (4)
  6    0.300385647815 -0.415052787477  0.858777995872  3.063452138509
    7 233 234 9 22 21 (7)
  8   -0.414059589584 -0.269699447505  0.869377285354  3.145963578686
    9 234 235 11 12 20 19 10 (9)
  6   -0.618038981144 -0.006068668384  0.786124029051  2.872022061678
    11 235 236 14 15 13 (11)
  5   -0.565330053865  0.269263748939  0.779678756735  2.865728485514
    14 236 238 16 17 (14)
  7   -0.290333513704  0.444710971903  0.847312576497  3.110596978207
    16 238 237 0 26 27 18 (16)
  5    0.088941188808  0.368806767338 -0.925241067668 -6.858024866500
    411 415 413 441 444 (411)
  6    0.481857686920  0.138551279081 -0.865226393854 -6.190832456285
    414 416 257 268 419 417 (414)
  7    0.507291618342 -0.105187625622 -0.855330799969 -5.979108707154
    418 420 290 303 301 424 422 (418)
  8    0.376005831199 -0.367510558315 -0.850620717142 -6.255080184847
    322 427 425 423 424 301 313 324 (322)
  9   -0.090319965944 -0.406680365010 -0.909094815994 -6.879407914907
    239 333 334 430 428 426 427 322 321 (239)
  7   -0.517099520898 -0.175345541395 -0.837772061243 -6.169677124056
    429 430 334 344 357 433 431 (429)
  5   -0.540052081475  0.125369262512 -0.832241730095 -5.902460260066
    432 434 380 438 436 (432)
  5   -0.392482551645  0.348073764610 -0.851353100097 -6.164989456899
    437 439 402 443 442 (437)
 10   -0.238574898259  0.450252429429  0.860438706541  3.152478324673
    0 1 100 101 46 47 131 228 227 26 (0)
 10    0.382217505994  0.325915579659  0.864690009800  3.124570469007
    1 24 104 105 198 199 48 43 102 100 (1)
 13    0.490605725902  0.265357993014  0.829994673028  2.984311053544
    3 23 133 134 219 220 83 79 80 54 129 128 25 (3)
 13    0.639470810358  0.075972574911  0.765052449549  2.728960121681
    2 166 168 204 205 155 119 185 187 148 35 23 3 (2)
 12    0.666811640220 -0.034095741359  0.744445912668  2.640379185494
    5 151 152 57 58 82 81 96 97 126 125 32 (5)
 15    0.639952778334 -0.185860009638  0.745598080952  2.633797504067
    4 6 122 124 77 76 169 170 201 200 135 136 153 151 5 (4)
 14    0.519213767304 -0.337406401868  0.785222251226  2.766223597715
    6 8 29 159 160 99 214 213 179 180 87 86 123 122 (6)
 12    0.386627215155 -0.408135578817  0.827009519779  2.924127336534
    7 21 74 75 60 59 40 41 111 110 29 8 (7)
  9    0.236023403161 -0.422890690546  0.874903661559  3.115909134530
    9 10 49 50 120 121 116 115 22 (9)
 13   -0.360452705803 -0.304562767968  0.881654902582  3.174675896621
    10 19 217 218 132 36 210 211 37 113 114 53 49 (10)
 11   -0.489366974992 -0.225631800363  0.842383674137  3.035529684612
    12 28 172 173 95 94 223 224 45 44 20 (12)
 16   -0.606737390777 -0.074095112980  0.791441503123  2.866344727989
    11 13 31 62 63 183 184 209 208 51 52 196 197 61 28 12 (11)
 12   -0.641941933242  0.084174648044  0.762118877192  2.768663465140
    13 15 34 91 92 72 71 67 68 143 142 31 (13)
 16   -0.610161307472  0.218205445781  0.761636108845  2.778467929893
    14 17 30 229 230 118 146 147 78 42 164 163 56 55 34 15 (14)
 14   -0.483585826285  0.378266762869  0.789340867259  2.872401485685
    16 18 33 89 90 174 175 65 64 112 177 176 30 17 (16)
 12   -0.362635728752  0.440595141011  0.821201102014  2.994021892082
    18 27 69 70 85 84 137 138 98 39 38 33 (18)
 13    0.462389512427  0.405131557183 -0.788710568062 -6.550403998529
    257 416 415 411 410 244 242 243 246 245 241 240 256 (257)
 13    0.569307125366  0.252960092202 -0.782240748594 -6.147205274228
    250 251 248 247 249 255 254 253 252 267 268 257 256 (250)
 14    0.581561997901  0.112437435469 -0.805694399697 -5.995894095695
    260 261 265 266 264 278 421 419 268 267 262 263 259 258 (260)
 14    0.584485096511 -0.072946506815 -0.808118790216 -5.864932939246
    290 420 421 278 274 275 269 273 272 271 277 276 270 289 (290)
 14    0.603331685170 -0.189695496975 -0.774600862443 -5.771444170996
    285 286 284 283 288 287 279 280 282 281 302 303 290 289 (285)
 15    0.531963378468 -0.378132781991 -0.757648047020 -5.917720827470
    291 298 297 299 300 294 296 295 312 313 301 303 302 292 293 (291)
 12    0.422646880460 -0.524450872269 -0.739135235944 -6.137846420272
    304 306 307 309 308 323 324 313 312 310 311 305 (304)
 11    0.293848488770 -0.614622851546 -0.732046320942 -6.451985204545
    320 321 322 324 323 314 316 315 318 317 319 (320)
 12   -0.478111517314 -0.473336127879 -0.739839365712 -6.527981651267
    326 329 328 325 327 331 330 343 344 334 333 332 (326)
 12   -0.600352797423 -0.284219553531 -0.747526430313 -6.085574570744
    335 336 342 341 337 338 340 339 356 357 344 343 (335)
 16   -0.635245627325 -0.139534405701 -0.759600646781 -5.893514309372
    345 354 355 351 350 349 348 367 435 433 357 356 347 353 352 346 (345)
 14   -0.628858923562  0.091902035433 -0.772068954265 -5.742640080144
    362 363 359 358 364 366 365 361 360 379 380 434 435 367 (362)
 16   -0.588775305338  0.176741679544 -0.788736976778 -5.782135680908
    369 374 373 372 378 377 390 440 438 380 379 368 375 376 371 370 (369)
 14   -0.488336022154  0.359243538893 -0.795281088189 -5.969134339297
    381 384 383 382 387 401 402 439 440 390 385 386 389 388 (381)
 15   -0.430065419088  0.459787781867 -0.776942038347 -6.083629214931
    391 394 395 397 396 393 399 398 392 412 445 443 402 401 400 (391)
 12   -0.246788765053  0.573558899333 -0.781105303041 -6.560952009076
    408 409 407 404 403 405 406 410 411 444 445 412 (408)
  4    0.228211622020  0.128654562067 -0.965073810252 -6.486685490452
    415 416 414 413 (415)
  5    0.277249891171  0.010650865585 -0.960738807849 -6.279234321934
    417 419 421 420 418 (417)
  3    0.236991340510 -0.112624161272 -0.964961606916 -6.301355315044
    422 424 423 (422)
  3    0.170065797116 -0.267530734260 -0.948422337821 -6.542806624756
    425 427 426 (425)
  3   -0.247020756987 -0.165060422090 -0.954848575784 -6.530766845187
    428 430 429 (428)
  5   -0.279951362525 -0.014461330467 -0.959905258107 -6.297650536410
    431 433 435 434 432 (431)
  5   -0.245662186726  0.122235620591 -0.961617669904 -6.289528919628
    436 438 440 439 437 (436)
  5   -0.161917114396  0.224732029866 -0.960873749677 -6.485671686976
    441 442 443 445 444 (441)
 16    0.000119361004 -0.001522031277 -0.999998834586 -6.157256651823
    413 414 417 418 422 423 425 426 428 429 431 432 436 437 442 441 (413)
  8    0.000000000000  0.000000000000  1.000000000000  3.627203548584
    237 238 236 235 234 233 232 231 (237)
  7   -0.817423262062 -0.574494690663  0.042131473263 -2.989370894298
    19 20 44 335 343 330 217 (19)
  8    0.515777787921 -0.856704047594 -0.005607880407 -3.293391516985
    21 22 115 117 314 323 308 74 (21)
  7    0.950872396226  0.308957170138 -0.019676206813 -2.708508866769
    23 35 157 262 267 252 133 (23)
  8    0.844289614774  0.535802482252 -0.009526090339 -3.089965850242
    25 128 250 256 240 106 104 24 (25)
  7   -0.515446619325  0.856153978391  0.036264968114 -2.876159949301
    26 227 408 412 392 69 27 (26)
  6   -0.950057880115 -0.308692517811  0.045814341415 -2.424528239686
    28 61 347 356 339 172 (28)
  6    0.739588028682 -0.672973326194  0.010791202953 -2.668556957791
    29 110 310 312 295 159 (29)
  6   -0.864065486030  0.501889171226  0.038705240706 -2.122563297579
    30 176 385 390 377 229 (30)
  6   -0.998513759477 -0.015685907592  0.052194103473 -2.033127855832
    31 142 362 367 348 62 (31)
  5    0.883727889711 -0.467909831759  0.009241552384 -2.354294795201
    86 292 302 281 123 (86)
  5   -0.643042584384 -0.764991557130  0.035835069261 -3.545046086504
    37 326 332 225 113 (37)
  6    0.998681207570  0.047096610206 -0.020439054637 -2.422969987409
    32 125 274 278 264 167 (32)
  4    0.684002728400  0.728388924233 -0.039872830311 -3.774432565351
    43 48 243 242 (43)
  5   -0.743297342345  0.665752630336  0.065440782876 -2.180232461408
    33 38 189 190 89 (33)
  6   -0.974811517831  0.217896190068  0.047578935020 -1.934540467505
    34 55 368 379 360 91 (34)
  5    0.980729056244 -0.195079138335 -0.010707381835 -2.285220779415
    57 152 285 289 270 (57)
  4   -0.331086167892  0.942795368789  0.038972323773 -3.290412431973
    46 101 405 403 (46)
  4   -0.985710258438 -0.156121167605  0.063257153239 -2.106999038310
    51 208 354 345 (51)
  4    0.943378745795 -0.331291035313 -0.016816417692 -2.364705276920
    76 279 287 169 (76)
  4   -0.624621569792  0.779655164607  0.044561405416 -2.562979522650
    84 393 396 137 (84)
  5   -0.935000958282  0.353307420615  0.030774576366 -2.059202168284
    42 78 369 370 108 (42)
  4    0.625175687769 -0.780346816903  0.014635736114 -2.917695617216
    40 59 306 304 (40)
  5    0.331336950589 -0.943509493355  0.002379311439 -3.699018971723
    50 194 319 317 120 (50)
  5    0.983684503210  0.179652689803 -0.009471493598 -2.483076594260
    119 260 258 186 185 (119)
  4   -0.903983549286 -0.425382369098  0.043169233047 -2.655152345806
    94 337 341 223 (94)
  4    0.996718037369 -0.078443410763 -0.019994631565 -2.350381807832
    81 271 272 96 (81)
  5   -0.993075301296  0.109636533961  0.042205170032 -1.995660979949
    67 71 212 364 358 (67)
  4    0.903122806607  0.424977334338 -0.061347057676 -3.138797192810
    79 83 249 247 (79)
  5    0.822611735097 -0.568541957631  0.008365147511 -2.493850396941
    179 213 299 297 181 (179)
  4   -0.808775825727  0.587610033013  0.024415421802 -2.287991577734
    66 381 388 221 (66)
  4   -0.733696945179 -0.678222479883  0.041268152570 -3.265785904871
    36 325 328 210 (36)
  5    0.770021888853  0.637017506433 -0.035706962709 -3.494769005916
    105 107 241 245 198 (105)
  4    0.446978560530 -0.894544519475  0.000518752000 -3.430774951713
    116 121 318 315 (116)
  4   -0.687716723315  0.720912920727  0.085616991312 -2.179032518159
    39 98 394 391 (39)
  6    0.962107171728 -0.271342285460 -0.026891527137 -2.387484367701
    135 200 202 283 284 144 (135)
  4    0.701441970720 -0.712547647564  0.015969084584 -2.725613976850
    41 305 311 111 (41)
  4   -0.446910135635  0.894407579764  0.017504625889 -3.149600834658
    47 404 407 131 (47)
  4   -0.957499084785  0.278179199426  0.076235396255 -1.774688549230
    56 163 192 191 (56)
  4   -0.969465591140 -0.240816504319  0.046302039308 -2.315914160085
    52 346 352 196 (52)
  4    0.568504869422 -0.822558072925 -0.014157334115 -3.210468520422
    60 75 309 307 (60)
  5    0.874315338690  0.480658924929 -0.067377195086 -3.284839991903
    54 80 248 251 130 (54)
  4   -0.995835016173 -0.078373915489  0.046584868096 -2.120020332090
    63 349 350 183 (63)
  4    0.991749123784  0.125287050382 -0.027144621578 -2.524925446891
    156 206 265 261 (156)
  4   -0.928803838595 -0.367739454379  0.045728799516 -2.526236287046
    95 173 340 338 (95)
  5    0.967781953021  0.248484171887  0.040665805404 -2.286875683644
    149 158 157 35 148 (149)
  5   -0.987580342188  0.156417359773 -0.014787741060 -2.295066206886
    73 93 361 365 215 (73)
  4   -0.567688648957  0.821377100221  0.055400876147 -2.636411710206
    70 161 162 85 (70)
  4   -0.875264604523 -0.481180788236  0.048753677834 -2.742186729167
    45 224 342 336 (45)
  4    0.929161619988  0.367881110053 -0.036361694233 -2.896352351660
    134 253 254 219 (134)
  4    0.991964189441 -0.125314219493  0.017418187624 -2.130426625543
    58 140 141 82 (58)
  4    0.790125891400 -0.612884465109  0.008585346073 -2.565526149812
    99 294 300 214 (99)
  5    0.999445830456 -0.031408850564  0.011023433667 -2.198197661589
    97 273 269 127 126 (97)
  4   -0.996823978489  0.054858542871  0.057727776525 -1.943621712344
    68 359 363 143 (68)
  4   -0.913677415635  0.403932559933  0.045078455881 -2.011621080508
    118 372 373 146 (118)
  3    0.860618885469 -0.508968590049 -0.016914736676 -2.549250101596
    88 291 293 (88)
  4    0.917739574083 -0.397141377225  0.005727185906 -2.301081674566
    77 124 282 280 (77)
  4   -0.779305132514  0.624341141205  0.053681000706 -2.174902465452
    90 382 383 174 (90)
  6   -0.830867639415  0.555168007595  0.038045356038 -2.173946935581
    64 222 389 386 178 112 (64)
  3   -0.661275246109  0.750069533284  0.010523503348 -2.673914561704
    139 397 395 (139)
  4   -0.769742742990 -0.636786576891  0.044709787582 -3.134964791402
    36 132 327 325 (36)
  5    0.966362018630  0.256226246467 -0.022193683113 -2.647054288931
    149 150 259 263 158 (149)
  4   -0.684068418144 -0.728458876706  0.037390697316 -3.427772781818
    37 211 329 326 (37)
  4    0.808434895346  0.587362332592 -0.037927697516 -3.378383146808
    106 240 241 107 (106)
  5   -0.708498926121  0.697456352132  0.107628567559 -2.001147803403
    38 39 391 400 189 (38)
  4    0.667113767462 -0.744817020317  0.014381498845 -2.818048451551
    40 304 305 41 (40)
  5   -0.943517053163  0.323038090627  0.073633975819 -1.802350087742
    42 108 109 165 164 (42)
  4    0.972340591044 -0.233438322501 -0.007766890993 -2.272321697052
    136 145 154 153 (136)
  5    0.636795520631  0.769753554115 -0.044395166761 -3.920083871509
    43 242 244 103 102 (43)
  4    0.953452793967 -0.301537524029  0.001700376162 -2.242439609049
    170 171 203 201 (170)
  4   -0.982436189601  0.171462563266  0.073618766368 -1.794018788546
    72 92 93 73 (72)
  4   -0.847998510894 -0.528859873340  0.034724053529 -2.926856911187
    44 45 336 335 (44)
  4   -0.404255696674  0.914408336512  0.020850079691 -3.231346018791
    46 403 404 47 (46)
  4   -0.991986408152 -0.117409328543  0.046669214829 -2.158079826598
    184 351 355 209 (184)
  3    0.996917126976  0.078459079456 -0.000644044849 -2.336542197332
    168 207 204 (168)
  4    0.728596919490  0.684198048948 -0.031930529673 -3.605065210628
    48 199 246 243 (48)
  5    0.225523414783 -0.972974650968  0.049593527382 -3.648478707447
    49 53 195 194 50 (49)
  4   -0.007851172164  0.999621732708 -0.026358121982 -4.173019522939
    103 244 410 406 (103)
  4   -0.980821858603 -0.187101776088  0.054602262511 -2.195289013655
    51 345 346 52 (51)
  7   -0.535538196895 -0.843873167689  0.032816406260 -3.803182969360
    53 114 226 239 321 320 195 (53)
  3    0.860598587953  0.508956586132 -0.018255515509 -3.076008547389
    54 130 129 (54)
  5   -0.965791446437  0.256074961991  0.040896159126 -1.972931258196
    55 56 191 375 368 (55)
  5   -0.794050776761  0.606000394879  0.047401322055 -2.181626786074
    65 175 384 381 66 (65)
  3    0.999775252776  0.000000000000 -0.021200092834 -2.397344809463
    127 269 275 (127)
  3    0.488513161185 -0.872303015789 -0.021031880427 -3.446554568398
    117 316 314 (117)
  5    0.986422601648 -0.164185738785 -0.003673436668 -2.245537820051
    57 270 276 140 58 (57)
  4    0.600387816770 -0.799641494343 -0.010389898933 -3.114791418903
    59 60 307 306 (59)
  4   -0.963408641252 -0.263558780085  0.048790976640 -2.335625267532
    61 197 353 347 (61)
  4   -0.997560425976 -0.054899072029  0.043119466787 -2.117403914552
    62 348 349 63 (62)
  5   -0.811601225522  0.579978800881  0.070200008969 -2.018438450821
    66 221 222 64 65 (66)
  4   -0.995653004671  0.078359590872  0.050347480649 -1.967910293396
    67 358 359 68 (67)
  5   -0.548786035714  0.835446894790  0.029366187886 -2.834643994090
    69 392 398 161 70 (69)
  6   -0.990713504678  0.133069459648  0.027915417906 -2.064732159341
    72 73 215 216 212 71 (72)
  4    0.549019556032 -0.835802395499 -0.003447139679 -3.199584745595
    74 308 309 75 (74)
  4    0.935437507372 -0.353472378770 -0.003734601396 -2.311313082733
    77 280 279 76 (77)
  4   -0.928380417140  0.367571809965  0.054779244149 -1.931136695921
    78 147 374 369 (78)
  4    0.890066417620  0.453511491518 -0.045924930993 -3.110917797134
    79 247 248 80 (79)
  5    0.977386050414  0.210425711080 -0.020917183653 -2.583195808130
    150 188 186 258 259 (150)
  6    0.852636653093 -0.522496413012  0.002869876487 -2.457533422391
    87 180 182 298 291 88 (87)
  5    0.994791613457 -0.101924401666  0.001030602349 -2.225756515045
    81 82 141 277 271 (81)
  4    0.909505471543  0.410657466749 -0.064499939825 -3.128323136175
    83 220 255 249 (83)
  5   -0.600196729695  0.799386990254  0.027282328994 -2.722679863929
    84 85 162 399 393 (84)
  5    0.864713351564 -0.502265481473  0.000453593165 -2.443362822786
    87 88 293 292 86 (87)
  5   -0.759870503874  0.648990720812  0.037521482408 -2.308574057907
    89 190 387 382 90 (89)
  5   -0.979451462544  0.194825009148  0.052134905104 -1.910938412099
    91 360 361 93 92 (91)
  4   -0.910563493316 -0.411135181898  0.042918374219 -2.626586898756
    94 95 338 337 (94)
  4    0.997887910821 -0.062781785865 -0.016678273313 -2.337420910785
    96 272 273 97 (96)
  5   -0.666387943152  0.744006654339  0.048797617980 -2.441847700464
    139 395 394 98 138 (139)
  5   -0.949640796182  0.308556999026  0.054542979187 -1.905986000926
    109 371 376 193 165 (109)
  4    0.775428224650 -0.631297826730  0.013195544019 -2.574048694071
    99 160 296 294 (99)
  6   -0.271386432842  0.962263706535  0.019949013871 -3.526990701972
    100 102 103 406 405 101 (100)
  4    0.818030788061  0.574921667087 -0.017050117248 -3.230069588745
    106 107 105 104 (106)
  4   -0.943187518250  0.331223880980  0.026230632591 -2.074413587089
    108 370 371 109 (108)
  4    0.712588696433 -0.701482379805  0.011824573491 -2.723085163671
    110 111 311 310 (110)
  3   -0.847573540865  0.528594837973  0.046974355696 -2.098881657086
    112 178 177 (112)
  4   -0.599935223010 -0.799038696052  0.040185698993 -3.626631445043
    113 225 226 114 (113)
  5    0.460973872924 -0.887412481415  0.001475232620 -3.391026166544
    115 116 315 316 117 (115)
  4   -0.890342922806  0.453652377947  0.038587560065 -2.087504108479
    118 230 378 372 (118)
  5    0.987495202839  0.156403875025 -0.019775040999 -2.515250570248
    119 155 156 261 260 (119)
  4    0.404327531149 -0.914570822887 -0.008913892502 -3.592339536223
    120 317 318 121 (120)
  5    0.894485311242 -0.446948975852  0.011516985618 -2.319633121537
    122 123 281 282 124 (122)
  5    0.999649355183  0.023558042725 -0.012090711498 -2.360727201925
    127 275 274 125 126 (127)
  5    0.955038363637 -0.293808164221 -0.039730172661 -2.467801476187
    171 288 283 202 203 (171)
  5    0.852369414334  0.522332648890 -0.025198916879 -3.145277276181
    130 251 250 128 129 (130)
  4   -0.467799438012  0.883519392203  0.023604435948 -3.065244128942
    131 407 409 228 (131)
  4   -0.789479929627 -0.612383405797  0.041328017383 -3.090858223843
    132 218 331 327 (132)
  4    0.940584484690  0.338631251347 -0.025093879186 -2.786155046231
    133 252 253 134 (133)
  4    0.966588988033 -0.256286426313  0.004795404056 -2.207556983328
    135 144 145 136 (135)
  5   -0.643038636020  0.764986859982  0.036005786205 -2.569729586016
    137 396 397 139 138 (137)
  4    0.992944848237 -0.117522767402 -0.015777436510 -2.316742737137
    140 276 277 141 (140)
  4   -0.998560300288 -0.000000000000  0.053640718577 -2.011380399604
    142 143 363 362 (142)
  5    0.969795360089 -0.240898419351 -0.038274157140 -2.442576988935
    144 284 286 154 145 (144)
  4   -0.923053420048  0.382341245379  0.042279496442 -2.011682950380
    146 373 374 147 (146)
  5    0.972137368366  0.233389533053  0.021869222372 -2.372890930486
    148 187 188 150 149 (148)
  6    0.977595667358 -0.210470840426  0.002955755900 -2.210082219302
    154 286 285 152 151 153 (154)
  4    0.991094653098  0.133120654281 -0.003206244675 -2.399153120341
    155 205 206 156 (155)
  4    0.959868143819  0.278867474701 -0.029767062917 -2.721275513695
    157 158 263 262 (157)
  4    0.755235456660 -0.655359945549  0.011079114280 -2.631779276603
    159 295 296 160 (159)
  4   -0.561823855103  0.826698698144  0.030384507961 -2.796391447611
    161 398 399 162 (161)
  4    0.835768052815 -0.548996997104 -0.009698405264 -2.565827554949
    181 297 298 182 (181)
  5   -0.950475741857  0.300596006076  0.078980410685 -1.763947191325
    165 193 192 163 164 (165)
  6    0.998005134842  0.062789160976 -0.006578152675 -2.356890414185
    166 167 264 266 207 168 (166)
  5    0.950984790794 -0.308993689347 -0.012281189788 -2.324213082840
    169 287 288 171 170 (169)
  4   -0.934619112066 -0.353163132954  0.041987103766 -2.521985296262
    172 339 340 173 (172)
  4   -0.789567602311  0.612451411700  0.038552168387 -2.241283683634
    174 383 384 175 (174)
  5   -0.852037749026  0.522129404127  0.037584033591 -2.145919207266
    176 177 178 386 385 (176)
  4    0.831351318597 -0.555491191692  0.016867750896 -2.427296243294
    181 182 180 179 (181)
  4   -0.992517659619 -0.109574969748  0.053870412554 -2.108998814081
    183 350 351 184 (183)
  4    0.979179326206  0.202778290167  0.009424020799 -2.405086604257
    185 186 188 187 (185)
  5   -0.738295166548  0.671796912168  0.060076250323 -2.222099384359
    189 400 401 387 190 (189)
  5   -0.961351456063  0.271129151599  0.047878607744 -1.934982108028
    193 376 375 191 192 (193)
  4    0.271415501659 -0.962366776785  0.013557743162 -3.763732499672
    195 320 319 194 (195)
  4   -0.967160566364 -0.248324626911  0.054178580081 -2.282095476816
    196 352 353 197 (196)
  4    0.739147749781  0.672572703220 -0.036146408900 -3.595784496028
    198 245 246 199 (198)
  4    0.958012598876 -0.286506519028 -0.011219400572 -2.306707905370
    200 201 203 202 (200)
  6    0.995400312003  0.094093032649 -0.018019990880 -2.447026781100
    204 207 266 265 206 205 (204)
  4   -0.988738655272 -0.140718349008  0.050933464678 -2.159386423731
    208 209 355 354 (208)
  4   -0.695450584109 -0.717649331481  0.036440665296 -3.402527432243
    210 328 329 211 (210)
  4   -0.991999683488  0.125318703433  0.015226638819 -2.139635514419
    212 216 366 364 (212)
  4    0.794941866545 -0.606680453104  0.002501326716 -2.588652742412
    213 214 300 299 (213)
  4   -0.990013666918  0.140899810036 -0.004492532358 -2.243151118537
    215 365 366 216 (215)
  4   -0.808355120753 -0.587304372958  0.040442208857 -3.031091053363
    217 330 331 218 (217)
  4    0.923060262995  0.382344079821 -0.042104103184 -2.953865878760
    219 254 255 220 (219)
  4   -0.822193191550  0.568252684384  0.032973359837 -2.216850803566
    221 388 389 222 (221)
  4   -0.886700758648 -0.460604162550  0.040069565198 -2.747386690341
    223 341 342 224 (223)
  5   -0.587497846068 -0.808621413644  0.031268038987 -3.705550037721
    225 332 333 239 226 (225)
  4   -0.495185359990  0.868152353730  0.033210690506 -2.943972024133
    228 409 408 227 (228)
  4   -0.879233348142  0.474408573068  0.043419181409 -2.075566211736
    229 377 378 230 (229)
# edges:  vertex1 vetrex2 facet ind_in_list
   0    1    16    0
   0   26     7    3
   0  237     0    0
   1   24    17    0
   1  100    16    1
   1    0     0    7
   2  166    19    0
   2  231     1    0
   2    3     0    3
   3    2    19   12
   3   23    18    0
   3   25     0    4
   4    6    21    0
   4  232     2    0
   4    5     1    3
   5    4    21   14
   5  151    20    0
   5   32     1    4
   6    8    22    0
   6  122    21    1
   6    4     2    5
   7   21    23    0
   7  233     3    0
   7    8     2    3
   8    7    23   11
   8   29    22    1
   8    6     2    4
   9   10    24    0
   9  234     4    0
   9   22     3    3
  10   19    25    0
  10   49    24    1
  10    9     4    7
  11   13    27    0
  11  235     5    0
  11   12     4    3
  12   11    27   15
  12   28    26    0
  12   20     4    4
  13   15    28    0
  13   31    27    1
  13   11     5    5
  14   17    29    0
  14  236     6    0
  14   15     5    3
  15   14    29   15
  15   34    28    1
  15   13     5    4
  16   18    30    0
  16  238     7    0
  16   17     6    3
  17   16    30   13
  17   30    29    1
  17   14     6    4
  18   27    31    0
  18   33    30    1
  18   16     7    6
  19   20    58    0
  19  217    25    1
  19   10     4    6
  20   44    58    1
  20   12    26   10
  20   19     4    5
  21   22    59    0
  21   74    23    1
  21    7     3    5
  22  115    59    1
  22    9    24    8
  22   21     3    4
  23   35    60    0
  23    3    19   11
  23  133    18    1
  24   25    61    7
  24  104    17    1
  24    1     0    6
  25  128    61    0
  25    3    18   12
  25   24     0    5
  26  227    62    0
  26    0    16    9
  26   27     7    4
  27   26    62    6
  27   69    31    1
  27   18     7    5
  28   61    63    0
  28   12    27   14
  28  172    26    1
  29  110    64    0
  29    8    23   10
  29  159    22    2
  30  176    65    0
  30   17    30   12
  30  229    29    2
  31  142    66    0
  31   13    28   11
  31   62    27    2
  32  125    69    0
  32    5    20   11
  32  167     1    5
  33   38    71    0
  33   18    31   11
  33   89    30    2
  34   55    72    0
  34   15    29   14
  34   91    28    2
  35  148   102    3
  35  157    60    1
  35   23    19   10
  36  132   117    0
  36  325    88    0
  36  210    25    5
  37  211   119    0
  37  326    68    0
  37  113    25    8
  38   39   121    0
  38  189    71    1
  38   33    31   10
  39  391   121    1
  39   98    91    0
  39   38    31    9
  40  304   122    0
  40   59    79    0
  40   41    23    6
  41   40   122    3
  41  305    93    0
  41  111    23    7
  42  108   123    0
  42   78    78    0
  42  164    29    9
  43  242   125    0
  43   48    70    0
  43  102    17    7
  44   45   128    0
  44  335    58    2
  44   20    26    9
  45  336   128    1
  45  224   105    0
  45   44    26    8
  46  403   129    0
  46  101    74    0
  46   47    16    4
  47   46   129    3
  47  404    94    0
  47  131    16    5
  48  199   132    0
  48  243    70    1
  48   43    17    6
  49   53   133    0
  49   10    25   12
  49   50    24    2
  50   49   133    4
  50  194    80    0
  50  120    24    3
  51  345   135    0
  51  208    75    0
  51   52    27    9
  52   51   135    3
  52  346    96    0
  52  196    27   10
  53  114   136    0
  53  195   133    1
  53   49    25   11
  54  130   137    0
  54   80    98    0
  54  129    18    9
  55   56   138    0
  55  368    72    1
  55   34    29   13
  56  191   138    1
  56  163    95    0
  56   55    29   12
  57  270   142    0
  57  152    73    0
  57   58    20    3
  58   57   142    4
  58  140   107    0
  58   82    20    4
  59   60   143    0
  59  306    79    1
  59   40    23    5
  60  307   143    1
  60   75    97    0
  60   59    23    4
  61  197   144    0
  61  347    63    1
  61   28    27   13
  62  348   145    0
  62   31    66    5
  62   63    27    3
  63   62   145    3
  63  349    99    0
  63  183    27    4
  64   65   146    3
  64  222   115    0
  64  112    30    8
  65   66   146    4
  65  175   139    0
  65   64    30    7
  66  221   146    0
  66   65   139    4
  66  381    87    0
  67  358   147    0
  67   71    84    0
  67   68    28    7
  68   67   147    3
  68  359   110    0
  68  143    28    8
  69  392   148    0
  69   27    62    5
  69   70    31    2
  70   69   148    4
  70  161   104    0
  70   85    31    3
  71   72   149    5
  71  212    84    1
  71   67    28    6
  72   73   149    0
  72   92   127    0
  72   71    28    5
  73  215   149    1
  73   72   127    3
  73   93   103    0
  74  308   150    0
  74   21    59    7
  74   75    23    2
  75   74   150    3
  75  309    97    1
  75   60    23    3
  76   77   151    3
  76  279    76    0
  76  169    21    5
  77  280   151    0
  77  124   113    0
  77   76    21    4
  78  147   152    0
  78  369    78    1
  78   42    29    8
  79  247   153    0
  79   83    85    0
  79   80    18    7
  80   79   153    3
  80  248    98    1
  80   54    18    8
  81   82   156    0
  81  271    83    0
  81   96    20    6
  82  141   156    1
  82   58   107    3
  82   81    20    5
  83  220   157    0
  83  249    85    1
  83   79    18    6
  84   85   158    0
  84  393    77    0
  84  137    31    5
  85  162   158    1
  85   70   104    3
  85   84    31    4
  86   87   159    4
  86  292    67    0
  86  123    22   11
  87   88   159    0
  87  180   155    0
  87   86    22   10
  88  293   159    1
  88   87   155    5
  88  291   112    0
  89  190   160    0
  89   33    71    4
  89   90    30    3
  90   89   160    4
  90  382   114    0
  90  174    30    4
  91  360   161    0
  91   34    72    5
  91   92    28    3
  92   91   161    4
  92   93   127    1
  92   72    28    4
  93   92   161    3
  93   73   127    2
  93  361   103    1
  94   95   162    0
  94  337    82    0
  94  223    26    5
  95  338   162    1
  95  173   101    0
  95   94    26    4
  96  272   163    0
  96   81    83    3
  96   97    20    7
  97   96   163    3
  97  273   109    0
  97  126    20    8
  98  138   164    3
  98  394    91    1
  98   39    31    8
  99  160   166    0
  99  294   108    0
  99  214    22    5
 100  102   167    0
 100    1    17    9
 100  101    16    2
 101  100   167    5
 101  405    74    1
 101   46    16    3
 102  103   167    1
 102   43   125    4
 102  100    17    8
 103  406   167    2
 103  244   134    0
 103  102   125    3
 104  106   168    3
 104   24    61    6
 104  105    17    2
 105  104   168    2
 105  107    89    0
 105  198    17    3
 106  107   168    0
 106  240   120    0
 106  104    61    5
 107  105   168    1
 107  106   120    3
 107  241    89    1
 108  370   169    0
 108  109   123    1
 108   42    78    4
 109  108   169    3
 109  371   165    0
 109  165   123    2
 110  111   170    0
 110  310    64    1
 110   29    23    9
 111  311   170    1
 111   41    93    3
 111  110    23    8
 112  178   171    0
 112   64   115    5
 112  177    30    9
 113  225   172    0
 113   37    68    4
 113  114    25    9
 114  113   172    3
 114  226   136    1
 114   53    25   10
 115  116   173    0
 115  117    59    2
 115   22    24    7
 116  315   173    1
 116  121    90    0
 116  115    24    6
 117  115   173    4
 117  316   141    0
 117  314    59    3
 118  230   174    0
 118  372   111    0
 118  146    29    5
 119  155   175    0
 119  260    81    0
 119  185    19    6
 120  317   176    0
 120   50    80    4
 120  121    24    4
 121  120   176    3
 121  318    90    1
 121  116    24    5
 122  123   177    0
 122    6    22   13
 122  124    21    2
 123  281   177    1
 123   86    67    4
 123  122    22   12
 124  122   177    4
 124  282   113    1
 124   77    21    3
 125  126   178    3
 125  274    69    1
 125   32    20   10
 126  127   178    4
 126   97   109    4
 126  125    20    9
 127  275   178    0
 127  269   140    0
 127  126   109    3
 128  129   180    3
 128  250    61    1
 128   25    18   11
 129  130   180    4
 129   54   137    2
 129  128    18   10
 130  251   180    0
 130  129   137    1
 130   54    98    4
 131  407   181    0
 131   47    94    3
 131  228    16    6
 132  218   182    0
 132  327   117    1
 132   36    25    4
 133  252   183    0
 133   23    60    6
 133  134    18    2
 134  133   183    3
 134  253   106    0
 134  219    18    3
 135  144   184    0
 135  200    92    0
 135  136    21   10
 136  135   184    3
 136  145   124    0
 136  153    21   11
 137  396   185    0
 137   84    77    3
 137  138    31    6
 138  137   185    4
 138  139   164    4
 138   98    31    7
 139  138   185    3
 139  395   164    0
 139  397   116    0
 140  276   186    0
 140   58   142    3
 140  141   107    1
 141  140   186    3
 141  277   156    2
 141   82   107    2
 142  143   187    0
 142  362    66    1
 142   31    28   10
 143  363   187    1
 143   68   110    3
 143  142    28    9
 144  284   188    0
 144  145   184    1
 144  135    92    5
 145  144   188    4
 145  136   184    2
 145  154   124    1
 146  373   189    0
 146  118   111    3
 146  147    29    6
 147  146   189    3
 147  374   152    1
 147   78    29    7
 148  187   190    0
 148  149   102    4
 148   35    19    9
 149  148   190    4
 149  150   118    0
 149  158   102    0
 150  149   190    3
 150  188   154    0
 150  259   118    1
 151  153   191    4
 151    5    21   13
 151  152    20    1
 152  151   191    3
 152  285    73    1
 152   57    20    2
 153  154   191    5
 153  136   124    3
 153  151    21   12
 154  286   191    0
 154  145   188    3
 154  153   124    2
 155  205   192    0
 155  156   175    1
 155  119    19    5
 156  155   192    3
 156  261   175    2
 156  206   100    0
 157  158   193    0
 157   35   102    2
 157  262    60    2
 158  263   193    1
 158  149   118    4
 158  157   102    1
 159  295   194    0
 159   29    64    5
 159  160    22    3
 160  159   194    3
 160  296   166    1
 160   99    22    4
 161  398   195    0
 161   70   148    3
 161  162   104    1
 162  161   195    3
 162  399   158    2
 162   85   104    2
 163  164   197    3
 163  192    95    1
 163   56    29   11
 164  165   197    4
 164   42   123    4
 164  163    29   10
 165  193   197    0
 165  109   165    4
 165  164   123    3
 166  167   198    0
 166  168    19    1
 166    2     1    7
 167  264   198    1
 167   32    69    5
 167  166     1    6
 168  166   198    5
 168  207   131    0
 168  204    19    2
 169  287   199    0
 169   76    76    3
 169  170    21    6
 170  169   199    4
 170  171   126    0
 170  201    21    7
 171  170   199    3
 171  288   179    0
 171  203   126    1
 172  339   200    0
 172   28    63    5
 172  173    26    2
 173  172   200    3
 173  340   101    1
 173   95    26    3
 174  383   201    0
 174   90   114    3
 174  175    30    5
 175  174   201    3
 175  384   139    1
 175   65    30    6
 176  177   202    0
 176  385    65    1
 176   30    30   11
 177  178   202    1
 177  112   171    2
 177  176    30   10
 178  386   202    2
 178  177   171    1
 178  112   115    4
 179  181   203    3
 179  213    86    0
 179  180    22    8
 180  179   203    2
 180  182   155    1
 180   87    22    9
 181  182   203    0
 181  297   196    0
 181  179    86    4
 182  180   203    1
 182  181   196    3
 182  298   155    2
 183  350   204    0
 183   63    99    3
 183  184    27    5
 184  183   204    3
 184  351   130    0
 184  209    27    6
 185  186   205    0
 185  119    81    4
 185  187    19    7
 186  188   205    1
 186  258   154    2
 186  185    81    3
 187  185   205    3
 187  188   190    1
 187  148    19    8
 188  187   205    2
 188  150   190    2
 188  186   154    1
 189  400   206    0
 189   38   121    4
 189  190    71    2
 190  189   206    4
 190  387   160    1
 190   89    71    3
 191  192   207    3
 191  375   138    2
 191   56    95    3
 192  193   207    4
 192  163   197    2
 192  191    95    2
 193  376   207    0
 193  192   197    1
 193  165   165    3
 194  195   208    3
 194   50   133    3
 194  319    80    1
 195  320   208    0
 195   53   136    6
 195  194   133    2
 196  352   209    0
 196   52    96    3
 196  197    27   11
 197  196   209    3
 197  353   144    1
 197   61    27   12
 198  245   210    0
 198  105    89    4
 198  199    17    4
 199  198   210    3
 199  246   132    1
 199   48    17    5
 200  201   211    0
 200  202    92    1
 200  135    21    9
 201  203   211    1
 201  170   126    3
 201  200    21    8
 202  200   211    3
 202  203   179    3
 202  283    92    2
 203  202   211    2
 203  171   179    4
 203  201   126    2
 204  207   212    0
 204  168   131    2
 204  205    19    3
 205  204   212    5
 205  206   192    1
 205  155    19    4
 206  205   212    4
 206  156   192    2
 206  265   100    1
 207  266   212    1
 207  168   198    4
 207  204   131    1
 208  209   213    0
 208  354    75    1
 208   51    27    8
 209  355   213    1
 209  184   130    3
 209  208    27    7
 210  328   214    0
 210   36    88    3
 210  211    25    6
 211  210   214    3
 211  329   119    1
 211   37    25    7
 212  216   215    0
 212   71   149    4
 212  364    84    2
 213  214   216    0
 213  299    86    1
 213  179    22    7
 214  300   216    1
 214   99   108    3
 214  213    22    6
 215  365   217    0
 215  216   149    2
 215   73   103    4
 216  215   217    3
 216  366   215    1
 216  212   149    3
 217  330   218    0
 217   19    58    6
 217  218    25    2
 218  217   218    3
 218  331   182    1
 218  132    25    3
 219  254   219    0
 219  134   106    3
 219  220    18    4
 220  219   219    3
 220  255   157    1
 220   83    18    5
 221  388   220    0
 221  222   146    1
 221   66    87    3
 222  221   220    3
 222   64   146    2
 222  389   115    1
 223  341   221    0
 223   94    82    3
 223  224    26    6
 224  223   221    3
 224  342   105    1
 224   45    26    7
 225  332   222    0
 225  226   172    1
 225  113    68    3
 226  225   222    4
 226  114   172    2
 226  239   136    2
 227  228   223    3
 227  408    62    1
 227   26    16    8
 228  409   223    0
 228  131   181    3
 228  227    16    7
 229  377   224    0
 229   30    65    5
 229  230    29    3
 230  229   224    3
 230  378   174    1
 230  118    29    4
 231  237    57    7
 231  232     1    1
 231    2     0    2
 232  231    57    6
 232  233     2    1
 232    4     1    2
 233  232    57    5
 233  234     3    1
 233    7     2    2
 234  233    57    4
 234  235     4    1
 234    9     3    2
 235  234    57    3
 235  236     5    1
 235   11     4    2
 236  235    57    2
 236  238     6    1
 236   14     5    2
 237  238    57    0
 237    0     7    2
 237  231     0    1
 238  236    57    1
 238  237     7    1
 238   16     6    2
 239  226   222    3
 239  321   136    3
 239  333    12    0
 240  241   120    1
 240  106    61    4
 240  256    32   11
 241  107   120    2
 241  245    89    2
 241  240    32   10
 242  244   125    1
 242   43    70    3
 242  243    32    6
 243   48   132    3
 243  242    70    2
 243  246    32    7
 244  410   134    1
 244  103   125    2
 244  242    32    5
 245  246   210    1
 245  198    89    3
 245  241    32    9
 246  199   210    2
 246  243   132    2
 246  245    32    8
 247  248   153    1
 247   79    85    3
 247  249    33    3
 248   80   153    2
 248  251    98    2
 248  247    33    2
 249   83   157    3
 249  247    85    2
 249  255    33    4
 250  128   180    2
 250  256    61    2
 250  251    33    0
 251  250   180    1
 251  130    98    3
 251  248    33    1
 252  253   183    1
 252  133    60    5
 252  267    33    8
 253  134   183    2
 253  254   106    1
 253  252    33    7
 254  255   219    1
 254  219   106    2
 254  253    33    6
 255  220   219    2
 255  249   157    2
 255  254    33    5
 256  240    61    3
 256  250    33   12
 256  257    32   12
 257  256    33   11
 257  416    32    0
 257  268     9    2
 258  259   154    3
 258  186    81    2
 258  260    34   13
 259  150   154    4
 259  263   118    2
 259  258    34   12
 260  119   175    4
 260  258    81    1
 260  261    34    0
 261  260   175    3
 261  156   100    3
 261  265    34    1
 262  157   193    3
 262  267    60    3
 262  263    34   10
 263  262   193    2
 263  158   118    3
 263  259    34   11
 264  266   198    2
 264  167    69    4
 264  278    34    4
 265  206   212    3
 265  261   100    2
 265  266    34    2
 266  265   212    2
 266  207   198    3
 266  264    34    3
 267  252    60    4
 267  262    34    9
 267  268    33    9
 268  267    34    8
 268  257    33   10
 268  419     9    3
 269  275   140    1
 269  127   109    2
 269  273    35    6
 270  276   142    1
 270   57    73    4
 270  289    35   12
 271   81   156    4
 271  272    83    1
 271  277    35    9
 272  273   163    1
 272   96    83    2
 272  271    35    8
 273   97   163    2
 273  269   109    1
 273  272    35    7
 274  125   178    2
 274  278    69    2
 274  275    35    4
 275  274   178    1
 275  127   140    2
 275  269    35    5
 276  277   186    1
 276  140   142    2
 276  270    35   11
 277  141   186    2
 277  271   156    3
 277  276    35   10
 278  264    69    3
 278  274    35    3
 278  421    34    5
 279   76   151    2
 279  287    76    1
 279  280    36    6
 280  279   151    1
 280   77   113    3
 280  282    36    7
 281  282   177    2
 281  123    67    3
 281  302    36    9
 282  124   177    3
 282  280   113    2
 282  281    36    8
 283  202   179    2
 283  284    92    3
 283  288    36    3
 284  286   188    1
 284  144    92    4
 284  283    36    2
 285  152   191    2
 285  289    73    2
 285  286    36    0
 286  285   191    1
 286  154   188    2
 286  284    36    1
 287  288   199    1
 287  169    76    2
 287  279    36    5
 288  171   199    2
 288  283   179    1
 288  287    36    4
 289  270    73    3
 289  285    36   13
 289  290    35   13
 290  289    36   12
 290  420    35    0
 290  303    10    2
 291   88   155    4
 291  293   112    1
 291  298    37    0
 292   86   159    3
 292  302    67    1
 292  293    37   13
 293  292   159    2
 293   88   112    2
 293  291    37   14
 294   99   166    3
 294  300   108    1
 294  296    37    5
 295  296   194    1
 295  159    64    4
 295  312    37    7
 296  160   194    2
 296  294   166    2
 296  295    37    6
 297  298   196    1
 297  181    86    3
 297  299    37    2
 298  182   196    2
 298  291   155    3
 298  297    37    1
 299  213   216    3
 299  297    86    2
 299  300    37    3
 300  299   216    2
 300  214   108    2
 300  294    37    4
 301  303    37   10
 301  313    11    5
 301  424    10    4
 302  281    67    2
 302  292    37   12
 302  303    36   10
 303  302    37   11
 303  290    36   11
 303  301    10    3
 304  305   122    1
 304   40    79    3
 304  306    38    0
 305   41   122    2
 305  311    93    1
 305  304    38   11
 306   59   143    3
 306  304    79    2
 306  307    38    1
 307  306   143    2
 307   60    97    3
 307  309    38    2
 308  309   150    1
 308   74    59    6
 308  323    38    4
 309   75   150    2
 309  307    97    2
 309  308    38    3
 310  110   170    3
 310  312    64    2
 310  311    38    9
 311  310   170    2
 311  111    93    2
 311  305    38   10
 312  295    64    3
 312  310    38    8
 312  313    37    8
 313  312    38    7
 313  301    37    9
 313  324    11    6
 314  117   141    2
 314  323    59    4
 314  316    39    5
 315  316   173    2
 315  116    90    3
 315  318    39    7
 316  117   173    3
 316  314   141    1
 316  315    39    6
 317  318   176    1
 317  120    80    3
 317  319    39    9
 318  121   176    2
 318  315    90    2
 318  317    39    8
 319  194   208    2
 319  317    80    2
 319  320    39   10
 320  319   208    1
 320  195   136    5
 320  321    39    0
 321  320   136    4
 321  322    39    1
 321  239    12    8
 322  324    39    2
 322  321    12    7
 322  427    11    0
 323  308    59    5
 323  314    39    4
 323  324    38    5
 324  323    39    3
 324  313    38    6
 324  322    11    7
 325   36   117    3
 325  328    88    1
 325  327    40    3
 326   37   119    3
 326  332    68    1
 326  329    40    0
 327  132   182    3
 327  325   117    2
 327  331    40    4
 328  329   214    1
 328  210    88    2
 328  325    40    2
 329  211   214    2
 329  326   119    2
 329  328    40    1
 330  331   218    1
 330  217    58    5
 330  343    40    6
 331  218   218    2
 331  327   182    2
 331  330    40    5
 332  333   222    1
 332  225    68    2
 332  326    40   11
 333  239   222    2
 333  332    40   10
 333  334    12    1
 334  333    40    9
 334  344    13    2
 334  430    12    2
 335   44   128    3
 335  343    58    3
 335  336    41    0
 336  335   128    2
 336   45   105    3
 336  342    41    1
 337   94   162    3
 337  341    82    1
 337  338    41    4
 338  337   162    2
 338   95   101    3
 338  340    41    5
 339  340   200    1
 339  172    63    4
 339  356    41    7
 340  173   200    2
 340  338   101    2
 340  339    41    6
 341  342   221    1
 341  223    82    2
 341  337    41    3
 342  224   221    2
 342  336   105    2
 342  341    41    2
 343  330    58    4
 343  335    41   11
 343  344    40    7
 344  343    41   10
 344  334    40    8
 344  357    13    3
 345  346   135    1
 345   51    75    3
 345  354    42    0
 346   52   135    2
 346  352    96    1
 346  345    42   15
 347   61   144    3
 347  356    63    2
 347  353    42   12
 348  349   145    1
 348   62    66    4
 348  367    42    6
 349   63   145    2
 349  350    99    1
 349  348    42    5
 350  351   204    1
 350  183    99    2
 350  349    42    4
 351  184   204    2
 351  355   130    1
 351  350    42    3
 352  353   209    1
 352  196    96    2
 352  346    42   14
 353  197   209    2
 353  347   144    2
 353  352    42   13
 354  208   213    3
 354  345    75    2
 354  355    42    1
 355  354   213    2
 355  209   130    2
 355  351    42    2
 356  339    63    3
 356  347    42   11
 356  357    41    8
 357  356    42   10
 357  344    41    9
 357  433    13    4
 358  359   147    1
 358   67    84    4
 358  364    43    3
 359   68   147    2
 359  363   110    1
 359  358    43    2
 360  361   161    1
 360   91    72    4
 360  379    43    8
 361   93   161    2
 361  365   103    2
 361  360    43    7
 362  142   187    3
 362  367    66    2
 362  363    43    0
 363  362   187    2
 363  143   110    2
 363  359    43    1
 364  212   215    3
 364  358    84    3
 364  366    43    4
 365  366   217    1
 365  215   103    3
 365  361    43    6
 366  216   217    2
 366  364   215    2
 366  365    43    5
 367  348    66    3
 367  362    43   13
 367  435    42    7
 368   55   138    4
 368  379    72    2
 368  375    44   11
 369   78   152    3
 369  370    78    2
 369  374    44    0
 370  371   169    1
 370  108    78    3
 370  369    44   15
 371  109   169    2
 371  376   165    1
 371  370    44   14
 372  118   174    3
 372  373   111    1
 372  378    44    3
 373  374   189    1
 373  146   111    2
 373  372    44    2
 374  147   189    2
 374  369   152    2
 374  373    44    1
 375  191   207    2
 375  368   138    3
 375  376    44   12
 376  375   207    1
 376  193   165    2
 376  371    44   13
 377  378   224    1
 377  229    65    4
 377  390    44    5
 378  230   224    2
 378  372   174    2
 378  377    44    4
 379  360    72    3
 379  368    44   10
 379  380    43    9
 380  379    44    9
 380  434    43   10
 380  438    14    2
 381   66   139    3
 381  388    87    1
 381  384    45    0
 382   90   160    3
 382  383   114    1
 382  387    45    3
 383  384   201    1
 383  174   114    2
 383  382    45    2
 384  175   201    2
 384  381   139    2
 384  383    45    1
 385  176   202    4
 385  390    65    2
 385  386    45   10
 386  385   202    3
 386  178   115    3
 386  389    45   11
 387  190   206    3
 387  382   160    2
 387  401    45    4
 388  389   220    1
 388  221    87    2
 388  381    45   13
 389  222   220    2
 389  386   115    2
 389  388    45   12
 390  377    65    3
 390  385    45    9
 390  440    44    6
 391  400   121    2
 391   39    91    3
 391  394    46    0
 392  398   148    1
 392   69    62    4
 392  412    46    8
 393   84   158    4
 393  396    77    1
 393  399    46    5
 394   98   164    2
 394  391    91    2
 394  395    46    1
 395  394   164    1
 395  139   116    2
 395  397    46    2
 396  397   185    1
 396  137    77    2
 396  393    46    4
 397  139   185    2
 397  395   116    1
 397  396    46    3
 398  399   195    1
 398  161   148    2
 398  392    46    7
 399  162   195    2
 399  393   158    3
 399  398    46    6
 400  401   206    1
 400  189   121    3
 400  391    46   14
 401  387   206    2
 401  400    46   13
 401  402    45    5
 402  401    46   12
 402  439    45    6
 402  443    15    2
 403  404   129    1
 403   46    74    3
 403  405    47    4
 404   47   129    2
 404  407    94    1
 404  403    47    3
 405  101   167    4
 405  403    74    2
 405  406    47    5
 406  405   167    3
 406  103   134    3
 406  410    47    6
 407  409   181    1
 407  131    94    2
 407  404    47    2
 408  227   223    2
 408  412    62    2
 408  409    47    0
 409  408   223    1
 409  228   181    2
 409  407    47    1
 410  406   134    2
 410  411    47    7
 410  244    32    4
 411  444    47    8
 411  410    32    3
 411  415     8    0
 412  392    62    3
 412  408    47   11
 412  445    46    9
 413  414    56    0
 413  415    48    3
 413  441     8    2
 414  417    56    1
 414  413    48    2
 414  416     9    0
 415  416    48    0
 415  411    32    2
 415  413     8    1
 416  414    48    1
 416  415    32    1
 416  257     9    1
 417  418    56    2
 417  419    49    0
 417  414     9    5
 418  422    56    3
 418  417    49    4
 418  420    10    0
 419  421    49    1
 419  268    34    7
 419  417     9    4
 420  418    49    3
 420  421    35    1
 420  290    10    1
 421  420    49    2
 421  278    35    2
 421  419    34    6
 422  423    56    4
 422  424    50    0
 422  418    10    6
 423  425    56    5
 423  422    50    2
 423  424    11    3
 424  423    50    1
 424  301    11    4
 424  422    10    5
 425  426    56    6
 425  427    51    0
 425  423    11    2
 426  428    56    7
 426  425    51    2
 426  427    12    5
 427  426    51    1
 427  322    12    6
 427  425    11    1
 428  429    56    8
 428  430    52    0
 428  426    12    4
 429  431    56    9
 429  428    52    2
 429  430    13    0
 430  429    52    1
 430  334    13    1
 430  428    12    3
 431  432    56   10
 431  433    53    0
 431  429    13    6
 432  436    56   11
 432  431    53    4
 432  434    14    0
 433  435    53    1
 433  357    42    9
 433  431    13    5
 434  432    53    3
 434  435    43   11
 434  380    14    1
 435  434    53    2
 435  367    43   12
 435  433    42    8
 436  437    56   12
 436  438    54    0
 436  432    14    4
 437  442    56   13
 437  436    54    4
 437  439    15    0
 438  440    54    1
 438  380    44    8
 438  436    14    3
 439  437    54    3
 439  440    45    7
 439  402    15    1
 440  439    54    2
 440  390    45    8
 440  438    44    7
 441  413    56   15
 441  442    55    0
 441  444     8    3
 442  441    56   14
 442  443    55    1
 442  437    15    4
 443  445    55    2
 443  402    46   11
 443  442    15    3
 444  441    55    4
 444  445    47    9
 444  411     8    4
 445  444    55    3
 445  412    47   10
 445  443    46   10
