
# WPolyhedron::Dump
# num_vertices   num_facets   num_edges
   456  230 1368
# vertices:  ind  x y z
   0   0.485049344864 -3.471802866348 -5.308131990426
   1   0.485473337332 -3.471483527710 -5.280872432860
   2   0.485030810912 -3.471810915715 -5.308627790807
   3   0.481878062049 -3.472620164828 -5.327035144327
   4   1.073541286982  3.587440315095 -5.328997209583
   5  -2.426580376256  1.808357233827 -5.365220988961
   6  -0.438716675784  3.796412128331 -5.437307184272
   7  -0.788012401916 -2.487563609721 -5.359908822140
   8  -1.075412585945 -2.172238277633 -5.358014796473
   9  -1.487843207832  3.372747356268 -5.349174329733
  10  -1.827917460293 -1.041610439447 -5.340565033914
  11  -2.104179989942 -0.411957921818 -5.309793252597
  12   1.192464475284  3.520750805182 -5.323316797044
  13   1.294075962408  3.454501666218 -5.368814805444
  14   1.484494314181  3.307281459128 -5.431459466571
  15   0.450380036705  3.798850229741 -5.363348517118
  16   0.373607606802  3.812918979684 -5.408602266548
  17   1.509472411470 -2.336095436628 -5.415591584046
  18  -0.700945065253 -2.573823380639 -5.335881995281
  19  -0.747900815505 -2.531308176368 -5.392858440116
  20  -1.298170533667  3.484988564687 -5.365355841005
  21  -1.380320786496  3.439515252735 -5.409119713696
  22  -1.375078879353  3.442919224015 -5.422208750376
  23   1.410255506398 -2.485292274399 -5.339370365491
  24   1.699086783845  3.091702984260 -5.306363830431
  25  -2.435767496168  1.748294348260 -5.388237501156
  26  -2.444661099305  1.664836766871 -5.379998795124
  27  -2.170238960356  2.618208055835 -5.382541688700
  28  -2.114197124822  2.719905998328 -5.308883529928
  29   0.282200186236  3.825229435876 -5.329808443395
  30  -2.244494789475  2.468984965703 -5.419617394032
  31  -2.285349362428  2.366468727905 -5.364906955244
  32  -0.632504013121  3.751157092785 -5.312640326019
  33   0.682464475814  3.743041337269 -5.293382911526
  34  -0.076238645021  3.832936558451 -5.302903881535
  35   0.136859175387  3.835906123512 -5.325000651370
  36   0.556326402587  3.775491486625 -5.310331820983
  37   0.455073553115  3.797393869630 -5.320297651357
  38   0.003629615907  3.836171486928 -5.313048365243
  39   0.090917765389  3.836969499975 -5.321732289960
  40   0.358453217206  3.814346281644 -5.326341965648
  41  -0.298142183408  3.813129012877 -5.265220939223
  42  -0.182130799048  3.824429060146 -5.285750849264
  43   0.180999815184  3.833148521043 -5.326617079900
  44   0.282276391097  3.825210638905 -5.328911805663
  45   1.072515047051  3.587832819702 -5.317409451201
  46   0.936620432718  3.651771630409 -5.316340385884
  47   1.393299897323  3.383054250832 -5.277311693213
  48   0.838250703490  3.691568146013 -5.310432236879
  49   0.809585779736  3.701880932987 -5.307694378916
  50   1.193138367396  3.520159525465 -5.309715388147
  51   1.300523263826  3.449455547396 -5.294588304304
  52   1.482737709469  3.306870450811 -5.251022503564
  53   1.409200820650  3.369909197942 -5.272953989888
  54   0.687040092547  3.741545641023 -5.292488439903
  55   1.807871768493  2.959640497085 -5.282610547887
  56   2.101572948456  2.503348018940 -5.258743488336
  57   2.024962134316  2.642927991549 -5.275629033147
  58   1.897984513290  2.837675072781 -5.284638523238
  59   1.947473434648  2.767250798252 -5.283967364444
  60   1.579109735760  3.217782185732 -5.250767089818
  61   1.594579583302  3.202318360747 -5.253953808690
  62   1.797406918786  2.972489560266 -5.281693240973
  63   1.698624175791  3.091753827219 -5.271984720356
  64   2.304897334808  1.995976971483 -5.309159480478
  65   2.258824375525  2.141619921514 -5.303422040627
  66   2.412883812763  1.498678048365 -5.285982841123
  67   2.136001242136  2.435828313875 -5.266037594337
  68   2.353701329403  1.811883556512 -5.308234061681
  69   2.367460521144  1.747934755285 -5.305143590078
  70   2.224146640686  2.231122639209 -5.294378599141
  71   2.177647586897  2.345516790227 -5.280932591070
  72   2.111139599276  2.484553248536 -5.255927163174
  73   2.431363426899  1.352446797504 -5.287291724413
  74   2.440797011359  0.550394651259 -5.320722164371
  75   2.425379791843  0.305954302836 -5.314827012993
  76   2.448158403574  0.784751999745 -5.319850130774
  77   2.449574497009  0.966233379481 -5.315407725983
  78   2.415416645887  0.200864027716 -5.309360268851
  79   2.407040844459  0.130090492698 -5.304213749159
  80   2.441162090826  1.214792011056 -5.300221335675
  81   2.447433616015  1.101822310211 -5.309276052644
  82   2.037352383551 -1.313628368783 -5.301390338848
  83   2.389699461568  0.008239734023 -5.304470104676
  84   2.154410338818 -0.990916750504 -5.326518726893
  85   2.090469237839 -1.172942165888 -5.313982877518
  86   2.243798220527 -0.691981816568 -5.334838018946
  87   2.295490135900 -0.484148680012 -5.332411280980
  88   2.312249663567 -0.409364054455 -5.330092380240
  89   2.364124347196 -0.145708607935 -5.316253330172
  90   2.358039145614 -0.178981228933 -5.318362029123
  91   2.204150402218 -0.828949813581 -5.332053894621
  92   2.242422066752 -0.697018112134 -5.334799804704
  93   1.992074977751 -1.422896972707 -5.288450838026
  94   2.398485337057  0.070061120170 -5.298572505047
  95   1.880234542868 -1.675445507902 -5.301700182018
  96   1.803435321480 -1.831782395337 -5.312139827077
  97   1.754724119581 -1.923603797483 -5.316196596350
  98   1.259583225136 -2.691989500630 -5.299774974526
  99   1.515501833407 -2.324578558233 -5.318656368931
 100   1.448985041429 -2.427543244829 -5.316359576692
 101   1.326436607420 -2.604348965698 -5.307621609703
 102   1.415548528296 -2.477600773970 -5.314610659252
 103   1.939691914768 -1.543949401665 -5.289961452427
 104   1.632106778023 -2.134307149702 -5.319266899279
 105   1.639327615202 -2.122313371488 -5.319230923863
 106   0.673892670403 -3.330761975537 -5.235801411444
 107   0.578050058394 -3.407437759569 -5.216548048642
 108   0.489767230965 -3.468433195059 -5.195215244183
 109   0.902246938298 -3.108614083472 -5.266934317192
 110   0.994311058959 -3.007451689984 -5.275152725213
 111   0.816979189067 -3.195221276664 -5.256675260121
 112   0.732137377433 -3.278652421361 -5.245442670518
 113   1.140099838453 -2.841110234958 -5.285871617909
 114   1.110988983161 -2.875191195387 -5.284054842016
 115   1.166056810725 -2.808711819678 -5.286740820528
 116   0.327382815431 -3.383314783735 -5.222023933079
 117   0.090589652778 -3.235492401982 -5.255837598112
 118  -0.350838510977 -2.893662407397 -5.287501704881
 119  -0.174164857591 -3.039198018364 -5.278959255412
 120   0.038984202274 -3.198968860852 -5.261167185897
 121  -0.076327660910 -3.114568096719 -5.271755511842
 122   0.448350878068 -3.449696140097 -5.200424865689
 123   0.479904147336 -3.464437009036 -5.193572299895
 124   0.485213998566 -3.466463449872 -5.192204101909
 125   0.034678757685  0.763750567822 -3.386902666817
 126  -1.308349171695 -1.876248317905 -5.285303588705
 127  -1.206112486339 -2.008980406501 -5.296620812956
 128  -1.003092454660 -2.249550983784 -5.308341695046
 129  -0.418753591026 -2.836949566554 -5.292994072760
 130  -0.508866192399 -2.754080351052 -5.298966749993
 131  -0.778608556122 -2.492628772449 -5.310586514179
 132  -0.696414273473 -2.575957945371 -5.308756951334
 133  -1.105693323560 -2.130984654173 -5.303825799078
 134  -1.008483395560 -2.243522224632 -5.308198383075
 135  -0.377792977552 -2.871081768573 -5.288626603473
 136  -1.829115537474 -1.036691227852 -5.317506635232
 137  -1.728346955629 -1.226209591759 -5.310559277499
 138  -2.005362877434 -0.653455019236 -5.311139975158
 139  -1.453783728981 -1.670959759908 -5.266005142171
 140  -1.517087859564 -1.577307085679 -5.279458117267
 141  -1.608257457953 -1.432641067644 -5.295330949804
 142  -1.677706107713 -1.316193263728 -5.305186886262
 143  -2.080586971989 -0.470636158932 -5.301536099273
 144  -1.954341838326 -0.769264849872 -5.314724715008
 145  -1.881562583790 -0.927451953965 -5.317330228317
 146  -2.102104808740 -0.415888452232 -5.297911578834
 147  -2.219343394109 -0.088552142825 -5.325353342477
 148  -2.324350641744  0.275560236641 -5.337269420154
 149  -2.276243254103  0.100371961243 -5.333611250761
 150  -2.424861901007  0.824035533699 -5.305681986562
 151  -2.405623545597  0.685130226802 -5.319022314677
 152  -2.350011474169  0.382631104316 -5.336291283424
 153  -2.375974130145  0.503967468045 -5.332505099089
 154  -2.172624847591 -0.227176329684 -5.315026344212
 155  -2.107780332690 -0.400309852067 -5.296548324352
 156  -2.454055201688  1.177687514685 -5.321238422279
 157  -2.454042917914  1.490530698154 -5.324664061322
 158  -2.457870280241  1.331280490432 -5.326351513692
 159  -2.398568448030  1.950671441920 -5.279904372013
 160  -2.420784477757  1.827343123586 -5.298498925854
 161  -2.440632858838  0.977425746594 -5.306985616738
 162  -2.446800003591  1.052461170460 -5.313347818729
 163  -2.448954902169  1.580338814844 -5.321081738064
 164  -2.444689822227  1.632878835898 -5.317828986856
 165  -2.437668895318  1.704342180611 -5.312309443055
 166  -2.436251906362  1.716777257750 -5.311173630893
 167  -2.228530543261  2.494650973594 -5.310513283386
 168  -2.288519510975  2.352169697844 -5.303147215864
 169  -2.333054374084  2.227333998758 -5.290383386808
 170  -2.020655452237  2.867062603623 -5.289602623123
 171  -2.072336249763  2.791657479383 -5.301377879391
 172  -2.183029699759  2.587514952571 -5.310280001873
 173  -2.113757397947  2.720572401013 -5.306739356713
 174  -2.372593915924  2.068124612382 -5.260534731365
 175  -2.346791707569  2.179085939854 -5.282717770607
 176  -2.373993804413  2.061378149209 -5.259053199455
 177  -1.931369878093  2.984127336334 -5.291317370760
 178  -1.865200408675  3.060915204536 -5.308566302506
 179  -1.587989031023  3.305446540794 -5.327583137511
 180  -1.494903251644  3.367511495848 -5.320135784037
 181  -1.686492600806  3.230297985964 -5.328928471652
 182  -1.771447864087  3.155205527921 -5.322995307259
 183  -1.250805686534  3.508516869550 -5.285600812658
 184  -1.372721495729  3.440541700874 -5.304540544757
 185  -1.271082377195  3.498034117475 -5.289318492024
 186  -1.120068429602  3.572666297145 -5.290995775387
 187  -0.975167314656  3.637009488383 -5.304001125428
 188  -0.825281852476  3.692420667034 -5.308186764743
 189  -0.924895005096  3.657416690367 -5.306919981496
 190  -0.460223075035  3.789524270484 -5.286905638110
 191  -0.365294451782  3.805295168627 -5.273489703522
 192  -0.382321814237  3.802898261415 -5.276255254753
 193  -0.665448219320  3.741514493800 -5.304339517573
 194  -0.532063105892  3.774167209811 -5.294213251208
 195  -0.633491647322  3.750788240894 -5.303119735551
 196  -1.216170878248  3.525350361967 -5.278510761777
 197   1.511651064950  3.280027615357 -5.240771192656
 198   0.137681326458  1.903446536191 -3.628714766586
 199   1.530769828451  3.262332793799 -5.238854169926
 200   0.456022934846  1.652329675057 -3.625547691745
 201   2.421640144367  1.429029953647 -5.277216536324
 202   2.422381628575  1.423159042069 -5.277178292340
 203   0.472350622434  1.099567806196 -3.572731887478
 204  -0.000302455715  1.358762298733 -3.198264686917
 205   0.425047751703  1.626460489099 -3.592617722073
 206   1.974609811138 -1.463248380585 -5.283087486710
 207   1.968311886879 -1.477802372380 -5.283314494133
 208   0.033661284760  0.772075007857 -3.383407473528
 209   0.002728404890  1.336129802892 -3.198264686917
 210   0.440417463804  1.106489779252 -3.546219737986
 211  -1.437303420409 -1.693839636188 -5.264023102536
 212   0.000895811232  0.724425494240 -3.420330182528
 213  -1.445446504505 -1.682435609882 -5.263926314945
 214  -0.021220098447  1.283732182528 -3.198264686917
 215   0.029397717416  0.797592560879 -3.373195143347
 216  -2.428238494892  0.858878389170 -5.301090833329
 217  -0.471136860681  0.944638986281 -3.601401053073
 218  -2.434185612249  0.917151647300 -5.300534048692
 219  -0.531901362657  1.508145423756 -3.598830246384
 220  -0.047003365603  1.319110519080 -3.198264686917
 221  -0.459361775512  0.950183705298 -3.590683150968
 222  -1.981740098169  2.917577009349 -5.278337829501
 223  -1.965215183812  2.939241967739 -5.278624392508
 224  -0.279199685760  1.798967755587 -3.581213198016
 225  -0.050296132647  1.348221206472 -3.198264686917
 226  -0.521217724495  1.506413993931 -3.589766806110
 227  -0.305382323109  3.812252320275 -5.263789170587
 228  -0.312405833390  3.811421223190 -5.263802943660
 229  -0.018727073954  1.373018747839 -3.198264686917
 230   0.125582925223  1.880048275588 -3.607068666988
 231  -0.032151835054  1.371398656215 -3.198264686917
 232  -0.273147510602  1.791716979313 -3.573492978618
 233   0.489582604726 -3.467820781076 -5.428836893548
 234  -0.078333685371  3.834239414644 -5.447923759096
 235   0.154473424678  3.836155697529 -5.437602048707
 236   0.530802664511  3.782643138755 -5.470277266149
 237   0.017468718055  3.837938689813 -5.441138343626
 238   0.064604503888  3.838282342698 -5.439087190474
 239   0.318181473653  3.821126720113 -5.444623054260
 240   0.478623774722  3.793796322386 -5.462491383490
 241   0.365826702103  3.814382249876 -5.448733314998
 242  -0.277169067537  3.818425906873 -5.469100520244
 243  -0.252064092841  3.820750904961 -5.466140413420
 244   0.196688241707  3.833508681667 -5.438341405679
 245   0.228950666422  3.830983886037 -5.439344014762
 246   0.697983837064  3.739683897830 -5.461077459324
 247   0.936285442958  3.652750761275 -5.421633985967
 248   1.162711866389  3.538758949458 -5.408905583562
 249   1.308072518998  3.444785198480 -5.417128566387
 250   1.486506489057  3.305585647757 -5.446022133559
 251   1.382718932919  3.391490523376 -5.425322414432
 252   1.110959874765  3.567750780425 -5.409498467335
 253   1.013850936766  3.616201810150 -5.415302208754
 254   0.852846705111  3.686635793172 -5.432727493987
 255   0.780610365761  3.712674659818 -5.444930899382
 256   1.486603044406  3.305496690440 -5.446048517135
 257   0.605538013105  3.763506388082 -5.484186084762
 258   1.822600014827  2.942322505354 -5.424499763083
 259   2.091285741605  2.525073283271 -5.484432228317
 260   2.028818810340  2.638380834843 -5.460508720161
 261   1.681008018057  3.112458902308 -5.423402239392
 262   1.886161739079  2.856384227989 -5.430852811551
 263   1.943992601728  2.774205383272 -5.439077609760
 264   1.556169000161  3.241072131402 -5.435544797324
 265   1.623927332224  3.173298988475 -5.427707916647
 266   1.711499042049  3.078409790934 -5.422052094394
 267   1.730125500650  3.055897589719 -5.422276583539
 268   1.489908847325  3.302442701200 -5.446213768286
 269   2.309818005655  1.981260114788 -5.435008615495
 270   2.256820298356  2.148912509390 -5.446246334862
 271   2.431901999705  1.354959381818 -5.464817806755
 272   2.413540801176  1.499684726571 -5.448612961094
 273   2.130389951818  2.448408078688 -5.496356770432
 274   2.351210495192  1.825058530058 -5.432091454837
 275   2.369851089712  1.738508337756 -5.434537208362
 276   2.201374352688  2.292514491683 -5.465378666922
 277   2.195374063636  2.307395713691 -5.467602057258
 278   1.745950336704  2.243323508593 -5.907552059796
 279   2.123592672427  2.461771142286 -5.499686159270
 280   1.749009753982  2.248128634834 -5.903543671441
 281   2.440990051186  0.541875395631 -5.432827790636
 282   2.426457279073  0.310451022753 -5.437012810727
 283   2.388180072756 -0.004780400160 -5.460507437047
 284   2.448322559382  0.774831778224 -5.435640098695
 285   2.449826266516  0.964531355148 -5.442231267569
 286   2.418984689543  0.231182631092 -5.440848239120
 287   2.405377422830  0.116226202411 -5.449077768711
 288   2.377554884116 -0.068803664235 -5.468024230040
 289   2.443202696534  1.194986304683 -5.458374468028
 290   2.447445233841  1.117089293715 -5.450988700960
 291   1.935289004650 -0.002954970027 -5.896627796502
 292   2.434810969069  1.314255812517 -5.471508321098
 293   2.432352671348  1.314103937324 -5.473868731290
 294   2.029815861069 -1.332267288433 -5.442514051707
 295   2.141129941492 -1.029134936805 -5.422889213800
 296   2.098139346203 -1.151579609513 -5.428986627363
 297   2.254983897030 -0.637046084274 -5.425447815839
 298   2.301398817188 -0.449234062505 -5.434206280368
 299   2.332611634462 -0.308779932425 -5.444000994691
 300   2.346882854434 -0.237135792769 -5.450527672780
 301   2.194191749567 -0.856740083880 -5.421229643905
 302   2.208961809151 -0.805877096974 -5.421561025106
 303   1.970410060416 -1.473222327447 -5.458730664320
 304   1.994628163873 -1.417246842995 -5.451709127832
 305   2.377180755852 -0.070846125851 -5.468297886506
 306   1.936058136379 -0.004188860762 -5.895834988521
 307   1.903421610475 -1.621544678651 -5.461275406186
 308   1.805825395072 -1.821376680630 -5.446378622790
 309   1.712982078394 -1.997076791818 -5.438413140219
 310   1.240968103623 -2.715460969042 -5.473279118000
 311   1.514373120215 -2.328529476358 -5.440508918283
 312   1.396809322798 -2.504383134989 -5.450517343203
 313   1.363716683546 -2.552252665383 -5.454037439078
 314   1.342022820814 -2.583136236368 -5.456559339951
 315   1.561718785049 -2.251246813636 -5.439263270760
 316   1.664658621024 -2.080264010286 -5.437827739131
 317   0.803476459023 -2.516596062103 -5.878246177797
 318   1.937884094141 -1.545094275353 -5.469072753739
 319   1.926350149785 -1.530388237339 -5.483827452080
 320   0.674764231134 -3.331091316017 -5.417934524094
 321   0.586740138443 -3.401628868290 -5.420939881139
 322   0.517614913487 -3.449411363702 -5.428311937800
 323   0.903808595201 -3.107202586964 -5.436683971454
 324   1.034214918484 -2.963925759803 -5.457767940871
 325   0.780692262764 -3.232254599020 -5.423505967972
 326   0.735611155489 -3.276602598639 -5.419630179905
 327   1.138727317074 -2.843085603165 -5.478625188342
 328   1.073411617913 -2.919534382476 -5.464978560184
 329   0.497316302548 -3.462723104464 -5.430950622455
 330   1.170293649196 -2.803695539351 -5.486829448709
 331   0.804964205834 -2.534197579666 -5.869574992771
 332   0.304115420871 -3.382022095329 -5.407889292779
 333   0.102187679300 -3.254025594237 -5.409968777970
 334   0.472912513034 -3.474162602876 -5.418854519179
 335  -0.295516400389 -2.951759248597 -5.456969293541
 336  -0.175830066261 -3.049332104267 -5.437174120579
 337  -0.001744255917 -3.180273371940 -5.417771311413
 338  -0.074284974265 -3.127189877786 -5.424591519967
 339   0.439752009986 -3.458411742586 -5.414690516691
 340   0.467950789248 -3.472147367272 -5.417939414513
 341   0.483575097759 -3.470052401448 -5.428039238882
 342  -1.322069391056 -1.871303433071 -5.440484091226
 343  -1.200244920254 -2.027009321483 -5.424053190785
 344  -0.901683625599 -2.369815617518 -5.410322125814
 345  -1.085676291176 -2.164686878113 -5.414590060434
 346  -0.820492880634 -2.457642833741 -5.410279282914
 347  -0.425040016236 -2.841720063412 -5.439966454981
 348  -0.546500766784 -2.728550144197 -5.427566589744
 349  -0.658846514652 -2.620631493982 -5.418314881910
 350  -0.750511605029 -2.530017762768 -5.412518126772
 351  -0.050760376544 -2.615425659266 -5.871563691878
 352  -0.305536166007 -2.943457900957 -5.458740092574
 353  -0.047225399700 -2.629670669436 -5.864432544168
 354  -1.764163865866 -1.171479069275 -5.422671382164
 355  -2.019083935556 -0.639301286819 -5.461493547176
 356  -1.434400907335 -1.713915336254 -5.438356245931
 357  -1.537534760986 -1.558642501241 -5.426961245730
 358  -1.614126512434 -1.435365794706 -5.422094264932
 359  -1.656310385517 -1.363928790184 -5.421012205327
 360  -2.124321315796 -0.381488616901 -5.494727897010
 361  -2.056328411543 -0.550717847631 -5.472055161675
 362  -1.941396047574 -0.813110020745 -5.444414034686
 363  -1.904373920322 -0.892610524578 -5.437777208073
 364  -1.798107476320 -1.107602968356 -5.424687126587
 365  -1.861394780764 -0.981467414086 -5.431623473500
 366  -1.363966066826 -1.813463485100 -5.449070481245
 367  -1.342979517815 -1.808894771685 -5.467715851564
 368  -2.229756704367 -0.076734208518 -5.467520688484
 369  -2.326284630474  0.262329566434 -5.449325380664
 370  -2.283839231182  0.105996927520 -5.455830047842
 371  -2.432763273901  0.833607722200 -5.470025432750
 372  -2.413219691044  0.699065003939 -5.460090042811
 373  -2.351593282156  0.367995615290 -5.448020232602
 374  -2.378369483806  0.492135406958 -5.449191260483
 375  -2.157595396592 -0.292708498036 -5.488873505468
 376  -2.168954887097 -0.261359782083 -5.484964568382
 377  -1.738182209432 -0.159165312581 -5.900028303183
 378  -2.132506972072 -0.360213188487 -5.497864646372
 379  -1.738723254907 -0.160178289288 -5.899324149696
 380  -2.458330808491  1.144715562342 -5.453412010565
 381  -2.459583034259  1.477461678506 -5.443296004184
 382  -2.462711747093  1.345944353100 -5.443961144960
 383  -2.407421300531  1.942335347633 -5.478752969828
 384  -2.425182114694  1.837688845466 -5.465234970850
 385  -2.446765724835  0.970803208411 -5.468735261879
 386  -2.455128041881  1.082652238666 -5.458030035460
 387  -2.454199867590  1.576955330865 -5.445567323177
 388  -2.440838547975  1.725461809595 -5.453856891734
 389  -2.447627451335  1.662368681258 -5.449311887805
 390  -2.439749692931  0.898877208852 -5.477126593419
 391  -2.429388162569  0.899114191393 -5.486651194450
 392  -1.942545079355  2.976060501969 -5.446644210155
 393  -2.342911126582  2.215792081080 -5.468416547874
 394  -2.031079600326  2.859287700361 -5.428580354135
 395  -2.066386058827  2.807080526768 -5.423889479336
 396  -2.376387860568  2.089670446575 -5.498107137714
 397  -2.355249644036  2.174412565013 -5.477084997588
 398  -2.172219032073  2.616850682866 -5.424859579853
 399  -2.123734679992  2.708289063648 -5.422503723235
 400  -2.244769769108  2.469283417874 -5.433170617935
 401  -2.289326834740  2.362583969339 -5.445435320788
 402  -1.935229510875  2.984553141537 -5.448651988401
 403  -2.379011761811  2.077997891658 -5.501230558031
 404  -1.860039342197  3.070733528972 -5.433523994401
 405  -1.590302590559  3.305677183105 -5.427078534684
 406  -1.696442909507  3.224567982000 -5.421821881634
 407  -1.775312601035  3.155113775627 -5.424227289300
 408  -1.213650118031  3.530560974670 -5.488986275352
 409  -1.308659041730  3.480931380330 -5.468493742754
 410  -1.492998225155  3.370892100728 -5.438180002645
 411  -1.373157360814  3.444597526367 -5.456397641037
 412  -1.931493556426  2.988860702972 -5.448724792312
 413  -1.109090492102  3.581489376728 -5.473377842461
 414  -1.002047814874  3.628507443287 -5.459365084603
 415  -0.817389528805  3.697616486974 -5.445730112620
 416  -0.918820393351  3.662090819015 -5.451081325387
 417  -0.330640567488  3.812098827803 -5.469222940000
 418  -0.440047982975  3.796393161071 -5.455138028705
 419  -0.760036544786  3.715243164757 -5.444865246332
 420  -0.644276897705  3.748874135700 -5.444828583154
 421  -0.529117452484  3.777130252160 -5.449358609399
 422  -0.583676923794  3.764443464702 -5.446597558557
 423  -0.305293344130  3.815151026300 -5.473001051516
 424  -0.305623101676  3.799527686302 -5.486635757168
 425  -1.207685842483  3.533509313275 -5.490387617023
 426  -0.983147288756  3.157268652896 -5.877971604956
 427   0.903728050190  2.489079470405 -6.155711108426
 428   0.512708162706  3.304113375338 -5.888193891455
 429   0.514820973958  3.303031094111 -5.888347317759
 430   0.513351147886  3.304232507790 -5.888066123751
 431   0.929501106238  2.467697672838 -6.155675488322
 432   1.743718021871  2.242176939104 -5.909190195994
 433   1.067403592611 -0.951622634419 -6.150454709604
 434   1.934797794041 -0.002784263566 -5.896965153771
 435   1.469675485386  1.245829482646 -6.153751288721
 436   1.479005089357  1.246807123401 -6.150390170424
 437   1.038037215361 -1.015442029927 -6.150361079580
 438   0.297063653658 -2.012986261956 -6.148931227740
 439   0.793848953450 -2.492260102107 -5.890603664012
 440   0.293011671985 -2.013390434106 -6.148931096226
 441  -0.597754621533 -1.138707424600 -6.150368715558
 442  -0.050754843393 -2.615389212176 -5.871581227659
 443  -0.640707797107 -1.077765468432 -6.150466598170
 444  -1.737221621357 -0.158718661880 -5.900742957590
 445  -1.172973668788  2.304678073879 -6.155678320897
 446  -1.942907860310  1.919567256216 -5.906645962899
 447  -1.941192529870  1.950254938058 -5.904766722754
 448  -1.945436575951  1.945270659596 -5.903627492795
 449  -1.490310694679  0.913549458871 -6.153598854877
 450  -1.492696007523  0.913471523235 -6.152736338450
 451  -1.164388231441  2.314921069049 -6.155692886307
 452  -0.973907327201  3.151378332050 -5.885498097316
 453  -0.959045116906  3.152981783173 -5.887876864297
 454  -0.187616671366  2.842662690283 -6.156379537926
 455  -0.187912861456  2.847388747335 -6.154578683975
# facets:  num_of_sides   plane_coeff
#          vertex_inds
   0   8    0.392359921052  0.507074496877  0.767417192255  1.765528268617
    197 198 230 229 204 205 200 199 (197)
   1   7    0.647431003684  0.086701578873  0.757176288383  2.304039167500
    204 209 210 203 202 201 205 (204)
   2   7    0.524067884286 -0.239526936307  0.817300250485  2.932551738553
    209 214 215 208 207 206 210 (209)
   3   7   -0.469079027632 -0.341858636255  0.814308012151  3.033273589627
    211 212 215 214 220 221 213 (211)
   4   8   -0.652078552406 -0.073757886179  0.754555058109  2.479911713609
    216 217 221 220 225 226 219 218 (216)
   5   7   -0.505028187839  0.395357635728  0.767228042605  1.895367842123
    225 231 232 224 223 222 226 (225)
   6   6   -0.077115132717  0.639008447865  0.765324414783  1.568895330097
    229 230 227 228 232 231 (229)
   7   8    0.370094005973  0.444742828467 -0.815618932633 -6.462179102206
    278 432 431 427 429 256 268 280 (278)
   8   6    0.576049172020  0.044585753762 -0.816198175676 -5.927506729326
    278 293 291 434 436 432 (278)
   9   8    0.495643285753 -0.229298358469 -0.837711165075 -5.899561512344
    317 439 437 433 434 291 306 319 (317)
  10  11    0.043712310605 -0.438524860618 -0.897655379598 -6.415351054008
    438 439 317 331 329 233 341 353 351 442 440 (438)
  11   8   -0.461651301402 -0.326706182428 -0.824706703184 -5.720227261318
    377 444 443 441 442 351 367 379 (377)
  12   5   -0.577886890610 -0.059504854293 -0.813944662724 -5.816240368350
    377 391 446 450 444 (377)
  13   7   -0.436926184994  0.365052237452 -0.822090246140 -6.414353903661
    445 447 402 412 426 452 451 (445)
  14   4   -0.058549830559  0.568449927243 -0.820631828263 -6.680243350074
    424 428 455 453 (424)
  15  16    0.068572859581  0.658153273390  0.749754647638  1.458444990418
    33 36 37 40 44 43 35 39 38 34 42 41 227 230 198 54 (33)
  16  12    0.285742696496  0.594749601123  0.751414681360  1.555254048441
    48 49 54 198 197 52 53 47 51 50 45 46 (48)
  17  12    0.540854626932  0.387188462598  0.746700319377  1.820792518453
    56 57 59 58 55 62 63 61 60 199 200 72 (56)
  18  12    0.644980724650  0.174727089149  0.743955851612  2.114414663163
    66 69 68 64 65 70 71 67 72 200 205 201 (66)
  19  12    0.660132555304 -0.023529027486  0.750780523384  2.396395254141
    73 202 203 94 79 78 75 74 76 77 81 80 (73)
  20  16    0.609625952826 -0.160688733988  0.776231491509  2.661997962223
    82 85 84 91 92 86 87 88 90 89 83 94 203 210 206 93 (82)
  21  15    0.477418274488 -0.289916995292  0.829469666128  3.014201021371
    98 101 102 100 99 104 105 97 96 95 103 207 208 125 115 (98)
  22  12    0.423974077687 -0.316917918247  0.848415590700  3.100844372422
    106 112 111 109 110 114 113 115 125 124 108 107 (106)
  23  14   -0.368340591161 -0.397827649559  0.840272795079  3.162536857859
    118 119 121 120 117 116 122 123 124 125 208 215 212 135 (118)
  24  12   -0.409925250313 -0.386199686877  0.826323841489  3.106440490270
    126 127 133 134 128 131 132 130 129 135 212 211 (126)
  25  15   -0.572590275293 -0.276153820934  0.771932279299  2.771135004274
    138 144 145 136 137 142 141 140 139 213 221 217 155 146 143 (138)
  26  11   -0.643127372578 -0.160972494268  0.748648808675  2.545244490414
    147 154 155 217 216 150 151 153 152 148 149 (147)
  27  14   -0.668107912004  0.008173261454  0.744019499553  2.309905903235
    161 218 219 176 159 160 166 165 164 163 157 158 156 162 (161)
  28  13   -0.591901519547  0.288124797202  0.752752743200  1.959662021102
    168 169 175 174 176 219 226 222 170 171 173 172 167 (168)
  29  12   -0.406200076854  0.518976344658  0.752107074325  1.646423137128
    179 181 182 178 177 223 224 196 183 185 184 180 (179)
  30  14   -0.210089967747  0.625073074631  0.751761835174  1.509076046767
    190 194 195 193 188 189 187 186 196 224 232 228 191 192 (190)
  31  17    0.027996487703  0.656935279918 -0.753426993593 -6.621266894215
    234 237 238 235 244 245 239 241 240 236 257 430 428 424 423 242 243 (234)
  32  14    0.335250209606  0.583310160759 -0.739835490710 -6.455693765233
    248 249 251 250 256 429 430 257 246 255 254 247 253 252 (248)
  33  13    0.527704264590  0.443841409514 -0.724246513511 -6.196393409445
    264 265 261 266 267 258 262 263 260 259 279 280 268 (264)
  34  14    0.677607878191  0.166182816522 -0.716401308559 -5.788049548131
    269 274 275 272 271 292 293 278 280 279 273 277 276 270 (269)
  35  15    0.693257384520 -0.030513439740 -0.720043838112 -5.587574070467
    291 293 292 289 290 285 284 281 282 286 287 283 288 305 306 (291)
  36  15    0.666540270611 -0.198238047530 -0.718627681185 -5.528201332168
    297 302 301 295 296 294 304 303 318 319 306 305 300 299 298 (297)
  37  15    0.556717673291 -0.328765779160 -0.762875150138 -5.759048145436
    311 312 313 314 310 330 331 317 319 318 307 308 309 316 315 (311)
  38  12    0.424807262350 -0.497905558698 -0.756061402581 -6.041504803912
    327 328 324 323 325 326 320 321 322 329 331 330 (327)
  39  12   -0.374695409078 -0.602568670430 -0.704637742270 -5.734552807028
    332 333 337 338 336 335 352 353 341 334 340 339 (332)
  40  14   -0.520977338764 -0.481954482305 -0.704487394834 -5.423403734400
    347 348 349 350 346 344 345 343 342 366 367 351 353 352 (347)
  41  16   -0.584399427583 -0.333887862522 -0.739591917412 -5.432682920834
    354 364 365 363 362 355 361 360 378 379 367 366 356 357 358 359 (354)
  42  14   -0.667140000279 -0.150779660455 -0.729513340537 -5.487759128188
    368 370 369 373 374 372 371 390 391 377 379 378 375 376 (368)
  43  15   -0.676861073033  0.019823575653 -0.735843810642 -5.699500259315
    380 382 381 387 389 388 384 383 403 448 446 391 390 385 386 (380)
  44  14   -0.585991431691  0.329786618242 -0.740172161333 -6.151234117848
    398 399 395 394 392 402 447 448 403 396 397 393 401 400 (398)
  45  11   -0.428032067426  0.511853994081 -0.744844975816 -6.415056754903
    405 410 411 409 408 425 426 412 404 407 406 (405)
  46  16   -0.188040150874  0.648049076303 -0.738019848217 -6.568995910372
    415 419 420 422 421 418 417 423 424 453 452 426 425 413 414 416 (415)
  47   6    0.117210819948  0.360024846325 -0.925550503060 -6.699478672696
    427 454 455 428 430 429 (427)
  48   4    0.322432187331  0.141069646619 -0.936021815652 -6.409664860622
    432 436 435 431 (432)
  49   4    0.344203008334 -0.064415986075 -0.936682907815 -6.189729039825
    433 435 436 434 (433)
  50   3    0.282674516223 -0.211311116415 -0.935650965883 -6.262592141310
    437 439 438 (437)
  51   3   -0.266917773928 -0.273344648652 -0.924141550313 -6.154622193621
    440 442 441 (440)
  52   4   -0.332394472595 -0.143283802432 -0.932192934188 -6.100815569524
    444 450 449 443 (444)
  53   6   -0.341259624240  0.076445954938 -0.936855316918 -6.343451833805
    446 448 447 445 449 450 (446)
  54   5   -0.184276995289  0.339869477482 -0.922242228096 -6.678380901731
    451 452 453 455 454 (451)
  55  13    0.000119361004 -0.001522031277 -0.999998834586 -6.152023347558
    427 431 435 433 437 438 440 441 443 449 445 451 454 (427)
  56   7    0.000000000000  0.000000000000  1.000000000000  3.198264686917
    204 229 231 225 220 214 209 (204)
  57   4    0.202780281720 -0.979188943051  0.008316919676 -3.453762114584
    0 1 3 2 (0)
  58   6   -0.977011911412  0.210345161060  0.034679074050 -2.570642047996
    159 176 174 396 403 383 (159)
  59   6    0.891002273961  0.453988334141  0.003088731256 -2.992754227481
    56 72 67 273 279 259 (56)
  60   6    0.780430125110 -0.625242430228  0.000850448508 -2.661655565785
    98 115 113 327 330 310 (98)
  61   4   -0.487881211606 -0.871174588620  0.055015993165 -2.500439107234
    116 332 339 122 (116)
  62   6   -0.439875888844  0.897898403142  0.016960543885 -3.610844293161
    186 413 425 408 183 196 (186)
  63   7   -0.117526353686  0.992975148591  0.013708044006 -3.749206031515
    41 242 423 417 191 228 227 (41)
  64   9    0.678777472401  0.734297332704  0.008280709184 -3.391192916026
    14 52 197 199 60 264 268 256 250 (14)
  65   5    0.911383614964 -0.411505481020 -0.006568520753 -2.437894291984
    95 307 318 303 103 (95)
  66   4   -0.934554459537 -0.353138702799  0.043600673685 -1.880438516446
    11 375 378 360 (11)
  67   7   -0.812450555976 -0.580585741387  0.053331894701 -1.870416778175
    126 211 213 139 356 366 342 (126)
  68   5    0.248688255059  0.968576804494  0.003622925811 -3.775966383596
    33 246 257 236 36 (33)
  69   6   -0.642575338243 -0.764435700704  0.052297171739 -2.160937640129
    118 135 129 347 352 335 (118)
  70   5    0.997494713226  0.070626413611  0.004025765317 -2.499505235526
    73 80 289 292 271 (73)
  71   7   -0.993920412196 -0.101835140090  0.041854730483 -2.104136076578
    150 216 218 161 385 390 371 (150)
  72   6   -0.794682251568  0.606482321216  0.025677092801 -3.208780189909
    170 222 223 177 392 394 (170)
  73   4    0.986420986751 -0.164185469992  0.004094916451 -2.334175494418
    83 89 288 283 (83)
  74   4    0.625236595333 -0.780422841969  0.004403133980 -2.997691150627
    106 107 321 320 (106)
  75   4    0.966570523982  0.256281530659  0.007822992501 -2.697844343241
    68 274 269 64 (68)
  76   6   -0.897678068679  0.439767948103  0.027896896509 -2.949423694480
    30 167 172 27 398 400 (30)
  77   5   -0.732514807866 -0.677129723391  0.070124132487 -1.885775055791
    128 344 346 7 131 (128)
  78   5   -0.882484290687 -0.467251379970  0.053829588575 -1.812321940072
    10 364 354 137 136 (10)
  79   6    0.488575259416  0.872413900160  0.013718698684 -3.581131602657
    12 248 252 4 45 50 (12)
  80   4   -0.606605195752  0.794843255786  0.015947890715 -3.505630573677
    179 405 406 181 (179)
  81   5    0.852605300627 -0.522477200196  0.009043042557 -2.458567357126
    17 311 315 104 99 (17)
  82   4    0.955684004054 -0.294006789148 -0.015102725920 -2.430716703543
    84 295 301 91 (84)
  83   4    0.804327144556  0.594085247105  0.010980150381 -3.154395235108
    58 262 258 55 (58)
  84   4    0.999498126403 -0.031410494030  0.004108062988 -2.400426010084
    74 281 284 76 (74)
  85   4   -0.997668151963  0.054905000548  0.040542563735 -2.314282519475
    157 163 387 381 (157)
  86   4   -0.971415228964 -0.233216162721  0.044302081015 -1.957192367603
    152 373 369 148 (152)
  87   4   -0.293985952403  0.955616273154  0.019230139711 -3.669081375049
    193 419 415 188 (193)
  88   4    0.062785973154  0.997954465868  0.012033521078 -3.772573975542
    35 43 244 235 (35)
  89   4    0.712638332793 -0.701531242539  0.000722756537 -2.819958943217
    109 111 325 323 (109)
  90   4   -0.580564809997 -0.812421265350  0.054001749981 -2.292165238782
    117 120 337 333 (117)
  91   4    0.375405224568  0.926831050967  0.007424306720 -3.696717400330
    46 247 254 48 (46)
  92   4    0.983715905268  0.179658424837  0.005086069984 -2.615957443022
    66 272 275 69 (66)
  93   4   -0.706861347907  0.706861347907  0.026345202031 -3.342225470566
    178 182 407 404 (178)
  94   4    0.932625744090  0.360805689210  0.005336299667 -2.851045766529
    65 270 276 70 (65)
  95   5   -0.940453953256  0.338584257138  0.030117480347 -2.788937418958
    31 401 393 169 168 (31)
  96   4    0.970169643287 -0.240991391781 -0.026344113809 -2.484168160202
    86 297 298 87 (86)
  97   5    0.581406459019  0.813599038360  0.004809801455 -3.537140423392
    47 251 249 13 51 (47)
  98   4   -0.913665940875 -0.403927486996  0.045355636185 -1.855290071549
    138 355 362 144 (138)
  99   4   -0.515568083645  0.856355729954  0.029058817960 -3.499915312571
    9 180 184 21 (9)
 100   5   -0.689078980627 -0.722340934420  0.058255754385 -2.031338665901
    130 132 18 349 348 (130)
 101   4   -0.998993175549 -0.023542578995  0.038188770355 -2.220647045449
    156 158 382 380 (156)
 102   4   -0.957045079422 -0.286217169357  0.046308184141 -1.902749375344
    147 149 370 368 (147)
 103   4   -0.847423485772 -0.528501255124  0.050595050094 -1.852110208760
    141 358 357 140 (141)
 104   4    0.935439026721 -0.353472952884 -0.003270912299 -2.387491412123
    82 294 296 85 (82)
 105   4   -0.039258027749  0.999183528329  0.009543792368 -3.782190239583
    34 38 237 234 (34)
 106   5   -0.769362944412 -0.636472380183  0.054622056260 -1.917286474814
    127 343 345 8 133 (127)
 107   4    0.883579314517 -0.467831165243 -0.020532797809 -2.559516130610
    96 97 309 308 (96)
 108   3    0.744890105033  0.667179227593  0.003257252275 -3.311068776204
    24 266 261 (24)
 109   4   -0.985758439625 -0.164075191914  0.036873162412 -2.062821665503
    151 372 374 153 (151)
 110   4    0.995547898251 -0.094106983656  0.005315817475 -2.357536667342
    78 286 282 75 (78)
 111   5   -0.210449101636  0.977494694947  0.014673001438 -3.723518629436
    6 418 421 194 190 (6)
 112   4    0.171910826815  0.985004623923  0.014579385227 -3.741115922241
    15 16 40 37 (15)
 113   4    0.848500902896  0.529173193431  0.004684990908 -3.092032570540
    57 260 263 59 (57)
 114   3    0.822639090791 -0.568560864315 -0.001862759186 -2.583117192368
    23 313 312 (23)
 115   4   -0.989650016361  0.140848054898  0.027471267692 -2.508779485992
    5 384 388 25 (5)
 116   5   -0.864518587633  0.502152353580  0.021227939894 -3.080873250428
    28 173 171 395 399 (28)
 117   5    0.549009543272 -0.835787152528 -0.006953924506 -3.204897300218
    0 2 233 329 322 (0)
 118   4   -0.375377555381  0.926762739020  0.014230828503 -3.661220467564
    187 189 416 414 (187)
 119   4    0.750096245208 -0.661298795836  0.006286934958 -2.701488630940
    110 324 328 114 (110)
 120   4   -0.534825996946 -0.842750920144  0.061090421404 -2.357183163827
    117 333 332 116 (117)
 121   4    0.999875058872  0.015707292592  0.001774148981 -2.455015029609
    77 285 290 81 (77)
 122   4    0.980780710379 -0.195089412981  0.003052718700 -2.331401188006
    88 299 300 90 (88)
 123   5    0.309002883557  0.951013087662  0.009556414031 -3.719979031628
    49 255 246 33 54 (49)
 124   5    0.425768682500  0.904804507056  0.007059250234 -3.665393700462
    4 253 247 46 45 (4)
 125   4    0.953452231249  0.301537346065  0.002017834202 -2.788758101876
    64 269 270 65 (64)
 126   4    0.542403732651  0.840035005825 -0.011805922018 -3.667197768568
    12 13 249 248 (12)
 127   4   -0.611911635866 -0.788871727498  0.056969706383 -2.203370135086
    119 336 338 121 (119)
 128   4   -0.919994888375  0.389567508705  0.042971636299 -2.793870227880
    31 168 167 30 (31)
 129   6   -0.755126210032  0.655265146154  0.020297663868 -3.306421269987
    178 404 412 402 392 177 (178)
 130   5    0.637423121466  0.770512193203 -0.001650559472 -3.503516637026
    47 53 14 250 251 (47)
 131   6    0.992103349711  0.125331799524  0.004783672273 -2.556375720259
    73 271 272 66 201 202 (73)
 132   5   -0.900523051240 -0.432425009864  0.045462567357 -1.853704415731
    10 136 145 363 365 (10)
 133   4   -0.871791644971 -0.488226779767  0.040173863115 -1.892081114351
    137 354 359 142 (137)
 134   4    0.775491157938  0.631349062482  0.003438788204 -3.252389045429
    55 258 267 62 (55)
 135   5   -0.555509017586  0.831377996931  0.014844446774 -3.551132726290
    9 410 405 179 180 (9)
 136   4    0.998005709335 -0.062789197120  0.006490058485 -2.366838716385
    75 282 281 74 (75)
 137   4    0.908142924154  0.418659622438  0.000741518757 -2.955672510586
    67 71 277 273 (67)
 138   4   -0.661112391416  0.749884810895  0.024559647898 -3.406435943825
    181 406 407 182 (181)
 139   4   -0.078455102342  0.996866592952  0.010089240486 -3.773405446185
    34 234 243 42 (34)
 140   4   -0.947717327056 -0.316182420278  0.043134036497 -1.901604834689
    147 368 376 154 (147)
 141   3    0.109734241229  0.993960322651 -0.001128405256 -3.839107491470
    29 239 245 (29)
 142   4   -0.789156107087 -0.612132223287  0.050267085265 -1.915326987181
    126 342 343 127 (126)
 143   4    0.897880291678 -0.439867016128 -0.018110492514 -2.521215157477
    96 308 307 95 (96)
 144   4    0.864694541340 -0.502254555626  0.006611469582 -2.448291266174
    105 316 309 97 (105)
 145   7   -0.367636135834 -0.928542885739  0.051495446134 -2.773002908923
    1 108 124 123 340 334 3 (1)
 146   4    0.667175892328 -0.744886381285  0.004539567433 -2.906875905019
    106 320 326 112 (106)
 147   4    0.876288557728  0.481743711275  0.006431192858 -3.013736499658
    56 259 260 57 (56)
 148   3   -0.994421065040  0.094000466557  0.047860815830 -2.330026795362
    26 164 165 (26)
 149   5    0.728940424625  0.684520621740  0.008796349209 -3.308190861429
    24 261 265 61 63 (24)
 150   4   -0.997434031280 -0.054892116108  0.045958773191 -2.138554823266
    156 380 386 162 (156)
 151   4   -0.922804313212 -0.382238061949  0.048231354072 -1.844169420307
    138 143 361 355 (138)
 152   5   -0.744104338491 -0.666475436375  0.046035053463 -2.001306127252
    128 134 8 345 344 (128)
 153   4   -0.998752078772  0.023536897234  0.044048832192 -2.251517699814
    157 381 382 158 (157)
 154   4   -0.959703381066  0.278819606696  0.035057770773 -2.674595512458
    169 393 397 175 (169)
 155   4   -0.830630580612 -0.555009609968  0.044912931264 -1.898444220519
    140 357 356 139 (140)
 156   4    0.923878862452 -0.382683154817  0.001204381271 -2.378585355719
    82 93 304 294 (82)
 157   5   -0.984448379743  0.171813746664  0.036625456699 -2.503040082360
    159 383 384 5 160 (159)
 158   4   -0.488563551012  0.872392993299  0.015366257333 -3.592072972771
    20 409 411 22 (20)
 159   5    0.990021439355 -0.140900916218  0.002116937866 -2.353463480871
    83 283 287 79 94 (83)
 160   4    0.943511266624 -0.331337573316  0.001379225191 -2.353691910267
    84 85 296 295 (84)
 161   4   -0.826693851070  0.561820561033  0.030576687245 -3.119499632921
    170 394 395 171 (170)
 162   4   -0.404263495951  0.914425978129  0.019903677173 -3.614431380511
    186 187 414 413 (186)
 163   4    0.023559354609  0.999705022956  0.005901176714 -3.806575163263
    35 235 238 39 (35)
 164   4    0.794940238511 -0.606679210627 -0.003217543948 -2.651519713567
    98 310 314 101 (98)
 165   3   -0.248686233387  0.968568930600  0.005420701027 -3.761751019623
    32 422 420 (32)
 166   4    0.963751281439 -0.263652515832 -0.040875645816 -2.562971106519
    86 92 302 297 (86)
 167   6    0.568561671665 -0.822640258928  0.000793664856 -3.127612397465
    0 322 321 107 108 1 (0)
 168   4   -0.963457215378 -0.263572068462  0.047748914788 -1.911933592556
    148 369 370 149 (148)
 169   6    0.831458533266 -0.555562830244 -0.005162277596 -2.580868296841
    17 100 102 23 312 311 (17)
 170   4   -0.331292083174  0.943381729661  0.016627319949 -3.668510619926
    188 415 416 189 (188)
 171   4   -0.886748930486  0.460629185815  0.038692214417 -2.922217664924
    27 172 173 28 (27)
 172   5    0.346060777160 -0.938038782529 -0.018032775263 -3.520272715826
    2 3 334 341 233 (2)
 173   4    0.999966972547 -0.007853883726  0.002090532170 -2.430792878341
    76 284 285 77 (76)
 174   4   -0.717241426357 -0.695055296544  0.049627321740 -2.028191481951
    7 346 350 19 (7)
 175   4    0.739630555123 -0.673012022278  0.001208220679 -2.753100435676
    109 323 324 110 (109)
 176   4   -0.989256426933 -0.140792038827  0.039361447821 -2.073953252469
    150 371 372 151 (150)
 177   5    0.210460972582  0.977549833160  0.010124362121 -3.754052346271
    15 37 36 236 240 (15)
 178   4   -0.976762812567 -0.210291531482  0.041374868857 -1.994151384122
    153 374 373 152 (153)
 179   4   -0.677854053685 -0.733298383965  0.052795473075 -2.084738225662
    129 130 348 347 (129)
 180   3   -0.171892879938  0.984901792951  0.020525498024 -3.702901946982
    6 190 192 (6)
 181   4   -0.971715745673  0.233288310400  0.036675248350 -2.595024744986
    175 397 396 174 (175)
 182   4    0.818127189809  0.574989419370  0.007420842806 -3.145209406853
    58 59 263 262 (58)
 183   4    0.977596299335  0.210470976488  0.002728292849 -2.667836193756
    68 69 275 274 (68)
 184   4    0.707106149795  0.707106149795  0.001336354868 -3.384894889429
    60 61 265 264 (60)
 185   4   -0.859633826460 -0.508386027776  0.050728011672 -1.842225603891
    142 359 358 141 (142)
 186   4    0.975755634708 -0.218107225193 -0.018170846248 -2.442328185219
    87 298 299 88 (87)
 187   3    0.446951437523  0.894490237819 -0.011028460611 -3.747521797889
    4 252 253 (4)
 188   4   -0.989949838110  0.132966886404  0.048157295867 -2.384269946969
    5 25 166 160 (5)
 189   5   -0.140894918277  0.989979295618  0.009466586036 -3.768709618601
    6 192 191 417 418 (6)
 190   4    0.926796903798  0.375391393540  0.011349042537 -2.838790328941
    70 276 277 71 (70)
 191   4   -0.636424638466 -0.769305234590  0.055974419023 -2.153427073643
    118 335 336 119 (118)
 192   5   -0.929010704088 -0.367821358222  0.040577828010 -1.890872778946
    11 360 361 143 146 (11)
 193   4    0.701520409507 -0.712627328244  0.005604113167 -2.820670573773
    112 326 325 111 (112)
 194   5   -0.460941355127  0.887349881992  0.011968878939 -3.626567382067
    183 408 409 20 185 (183)
 195   4   -0.007853242657  0.999885350630  0.012946512056 -3.766917723317
    39 238 237 38 (39)
 196   4    0.993068445169 -0.117537396063 -0.000154068295 -2.375883022271
    78 79 287 286 (78)
 197   4   -0.906969613192 -0.418118718676  0.050821824432 -1.824068688134
    144 362 363 145 (144)
 198   4   -0.996080019979 -0.078393197707  0.040976827021 -2.136978665375
    162 386 385 161 (162)
 199   4   -0.593107469388 -0.803003339323  0.058388070635 -2.238471454827
    120 121 338 337 (120)
 200   5   -0.711191264615 -0.700106728182  0.063698934764 -1.960567074192
    7 19 18 132 131 (7)
 201   3   -0.753058439428 -0.653470826227  0.076673763937 -1.818523704085
    8 134 133 (8)
 202   5    0.983720818409 -0.179659322135 -0.003984896211 -2.373000965126
    90 300 305 288 89 (90)
 203   4    0.338736877388  0.940877872306  0.002481391121 -3.744083949059
    48 254 255 49 (48)
 204   5   -0.522457818755  0.852573672988  0.012488384614 -3.586048372207
    9 21 22 411 410 (9)
 205   3   -0.894038548812 -0.446725741319  0.033633098003 -1.919923122099
    10 365 364 (10)
 206   4    0.998471114652  0.054949190259  0.006001641027 -2.472371645392
    81 290 289 80 (81)
 207   5   -0.278981583051  0.960260907334  0.008262334042 -3.734651675320
    193 195 32 420 419 (193)
 208   6    0.140895801867  0.989985504055  0.008779224200 -3.779890929462
    29 44 40 16 241 239 (29)
 209   6   -0.937050456629 -0.345696164485  0.049301152038 -1.852356169467
    154 376 375 11 146 155 (154)
 210   4    0.548999924872  0.835772509915  0.009132040289 -3.548596901117
    12 50 51 13 (12)
 211   3    0.649426982106  0.760381300221  0.008054389248 -3.435118549775
    14 53 52 (14)
 212   4   -0.432241896467 -0.900141718451  0.053961371758 -2.630797318385
    122 339 340 123 (122)
 213   4    0.179660652356  0.983728102002  0.001035048824 -3.812399969923
    15 240 241 16 (15)
 214   5   -0.996125889654  0.078396807728  0.039839082560 -2.351373884185
    26 389 387 163 164 (26)
 215   4   -0.094095990821  0.995431606186  0.016182148123 -3.738560536895
    41 42 243 242 (41)
 216   3    0.840031110326 -0.542401217358  0.012192337488 -2.469076074216
    17 99 100 (17)
 217   4   -0.700777882541 -0.711873045119  0.046337101487 -2.076192980643
    18 19 350 349 (18)
 218   5   -0.495271741239  0.868303796180  0.027466704736 -3.521607336307
    20 22 21 184 185 (20)
 219   5    0.818144048837 -0.575001268092  0.003722505147 -2.562962525591
    101 314 313 23 102 (101)
 220   4    0.760405379968 -0.649447548152  0.001241094507 -2.705529860753
    113 114 328 327 (113)
 221   4    0.960095943105 -0.278933656511 -0.020292740049 -2.455619845338
    91 301 302 92 (91)
 222   5    0.770479019513  0.637395677803  0.009424988522 -3.229736420306
    62 267 266 24 63 (62)
 223   6   -0.993220130061  0.109652523206  0.038601779704 -2.402962638924
    26 165 166 25 388 389 (26)
 224   6    0.917754456053 -0.397147817228  0.000608001335 -2.390120729302
    93 206 207 103 303 304 (93)
 225   4   -0.883459152284  0.467767542615  0.026333482900 -3.000289150988
    27 28 399 398 (27)
 226   5    0.078451152100  0.996816400378  0.014229570334 -3.759349482512
    29 245 244 43 44 (29)
 227   4   -0.923538676773  0.382542245295  0.027161426126 -2.870164262798
    30 400 401 31 (30)
 228   4    0.856717513680 -0.515785895163  0.000110027565 -2.498514718702
    104 315 316 105 (104)
 229   5   -0.225778124938  0.974073545840  0.014316619525 -3.720649410246
    194 421 422 32 195 (194)
# edges:  vertex1 vetrex2 facet ind_in_list
   0  322   167    0
   0    2   117    0
   0    1    57    0
   1    0   167    5
   1  108   145    0
   1    3    57    1
   2    3   172    0
   2  233   117    1
   2    0    57    3
   3  334   172    1
   3    1   145    6
   3    2    57    2
   4  252   187    0
   4  253   124    0
   4   45    79    3
   5   25   188    0
   5  160   157    3
   5  384   115    0
   6  192   189    0
   6  190   180    0
   6  418   111    0
   7   19   200    0
   7  346   174    0
   7  131    77    3
   8  134   201    0
   8  345   152    2
   8  133   106    3
   9   21   204    0
   9  410   135    0
   9  180    99    0
  10  365   205    0
  10  136   132    0
  10  364    78    0
  11  146   209    3
  11  360   192    0
  11  375    66    0
  12   50   210    0
  12   13   126    0
  12  248    79    0
  13   12   210    3
  13  249   126    1
  13   51    97    3
  14   53   211    0
  14  250   130    2
  14   52    64    0
  15  240   213    0
  15   37   177    0
  15   16   112    0
  16   15   213    3
  16  241   208    3
  16   40   112    1
  17   99   216    0
  17  100   169    0
  17  311    81    0
  18   19   217    0
  18  132   200    2
  18  349   100    2
  19  350   217    1
  19   18   200    1
  19    7   174    3
  20   22   218    0
  20  185   194    3
  20  409   158    0
  21  184   218    2
  21   22   204    1
  21    9    99    3
  22   21   218    1
  22  411   204    2
  22   20   158    3
  23  102   219    3
  23  312   169    3
  23  313   114    0
  24   63   222    3
  24  261   149    0
  24  266   108    0
  25  388   223    3
  25  166   188    1
  25    5   115    3
  26  165   223    0
  26  389   214    0
  26  164   148    0
  27   28   225    0
  27  172   171    0
  27  398    76    3
  28  399   225    1
  28   27   171    3
  28  173   116    0
  29  245   226    0
  29   44   208    0
  29  239   141    0
  30  400   227    0
  30   31   128    3
  30  167    76    0
  31   30   227    3
  31  168   128    0
  31  401    95    0
  32  195   229    3
  32  420   207    2
  32  422   165    0
  33   54   123    3
  33  246    68    0
  33   36    15    0
  34  234   139    0
  34   38   105    0
  34   42    15    9
  35  235   163    0
  35   43    88    0
  35   39    15    6
  36  236   177    2
  36   33    68    4
  36   37    15    1
  37   36   177    1
  37   15   112    3
  37   40    15    2
  38   39   195    3
  38  237   105    1
  38   34    15    8
  39  238   195    0
  39   35   163    3
  39   38    15    7
  40   16   208    2
  40   37   112    2
  40   44    15    3
  41   42   215    0
  41  242    63    0
  41  227    15   11
  42  243   215    1
  42   34   139    3
  42   41    15   10
  43   44   226    3
  43  244    88    1
  43   35    15    5
  44   29   226    4
  44   40   208    1
  44   43    15    4
  45    4   124    4
  45   50    79    4
  45   46    16   10
  46   45   124    3
  46  247    91    0
  46   48    16   11
  47   53   130    0
  47  251    97    0
  47   51    16    7
  48  254   203    0
  48   46    91    3
  48   49    16    0
  49   48   203    3
  49  255   123    0
  49   54    16    1
  50   51   210    1
  50   12    79    5
  50   45    16    9
  51   13   210    2
  51   47    97    4
  51   50    16    8
  52   14   211    2
  52  197    64    1
  52   53    16    5
  53   52   211    1
  53   14   130    1
  53   47    16    6
  54   49   123    4
  54  198    16    2
  54   33    15   15
  55  258   134    0
  55   58    83    3
  55   62    17    4
  56  259   147    0
  56   72    59    0
  56   57    17    0
  57   56   147    3
  57  260   113    0
  57   59    17    1
  58   59   182    0
  58  262    83    0
  58   55    17    3
  59  263   182    1
  59   57   113    3
  59   58    17    2
  60   61   184    0
  60  264    64    4
  60  199    17    8
  61  265   184    1
  61   63   149    3
  61   60    17    7
  62  267   222    0
  62   55   134    3
  62   63    17    5
  63   62   222    4
  63   24   149    4
  63   61    17    6
  64  269   125    0
  64   68    75    3
  64   65    18    3
  65   64   125    3
  65  270    94    0
  65   70    18    4
  66  201   131    3
  66  272    92    0
  66   69    18    0
  67   71   137    0
  67  273    59    2
  67   72    18    7
  68   69   183    0
  68  274    75    0
  68   64    18    2
  69  275   183    1
  69   66    92    3
  69   68    18    1
  70  276   190    0
  70   65    94    3
  70   71    18    5
  71   70   190    3
  71  277   137    1
  71   67    18    6
  72   67    59    1
  72  200    18    8
  72   56    17   11
  73  271   131    0
  73   80    70    0
  73  202    19    0
  74   75   136    3
  74  281    84    0
  74   76    19    7
  75  282   136    0
  75   78   110    3
  75   74    19    6
  76  284   173    0
  76   74    84    3
  76   77    19    8
  77   76   173    3
  77  285   121    0
  77   81    19    9
  78   79   196    0
  78  286   110    0
  78   75    19    5
  79  287   196    1
  79   94   159    3
  79   78    19    4
  80   81   206    3
  80  289    70    1
  80   73    19   11
  81  290   206    0
  81   77   121    3
  81   80    19   10
  82   93   156    0
  82  294   104    0
  82   85    20    0
  83  283   159    0
  83   89    73    0
  83   94    20   10
  84   85   160    0
  84  295    82    0
  84   91    20    2
  85  296   160    1
  85   82   104    3
  85   84    20    1
  86   92   166    0
  86  297    96    0
  86   87    20    5
  87  298   186    0
  87   86    96    3
  87   88    20    6
  88   87   186    3
  88  299   122    0
  88   90    20    7
  89   90   202    4
  89  288    73    1
  89   83    20    9
  90  300   202    0
  90   88   122    3
  90   89    20    8
  91  301   221    0
  91   84    82    3
  91   92    20    3
  92   91   221    3
  92  302   166    1
  92   86    20    4
  93  206   224    0
  93  304   156    1
  93   82    20   15
  94   83   159    4
  94  203    20   11
  94   79    19    3
  95   96   143    3
  95  307    65    0
  95  103    21    9
  96  308   143    0
  96   97   107    0
  96   95    21    8
  97  105   144    3
  97  309   107    1
  97   96    21    7
  98  310   164    0
  98  115    60    0
  98  101    21    0
  99  100   216    1
  99   17    81    4
  99  104    21    4
 100   17   216    2
 100  102   169    1
 100   99    21    3
 101  314   219    0
 101   98   164    3
 101  102    21    1
 102  101   219    4
 102   23   169    2
 102  100    21    2
 103  303   224    3
 103   95    65    4
 103  207    21   10
 104  315   228    0
 104   99    81    3
 104  105    21    5
 105  104   228    3
 105  316   144    0
 105   97    21    6
 106  320   146    0
 106  107    74    0
 106  112    22    0
 107  108   167    3
 107  321    74    1
 107  106    22   11
 108    1   167    4
 108  124   145    1
 108  107    22   10
 109  323   175    0
 109  111    89    0
 109  110    22    3
 110  109   175    3
 110  324   119    0
 110  114    22    4
 111  112   193    3
 111  325    89    1
 111  109    22    2
 112  326   193    0
 112  106   146    3
 112  111    22    1
 113  114   220    0
 113  327    60    2
 113  115    22    6
 114  328   220    1
 114  110   119    3
 114  113    22    5
 115  113    60    1
 115  125    22    7
 115   98    21   14
 116  117   120    3
 116  332    61    0
 116  122    23    5
 117  333   120    0
 117  120    90    0
 117  116    23    4
 118  335   191    0
 118  135    69    0
 118  119    23    0
 119  118   191    3
 119  336   127    0
 119  121    23    1
 120  121   199    0
 120  337    90    1
 120  117    23    3
 121  338   199    1
 121  119   127    3
 121  120    23    2
 122  339   212    0
 122  116    61    3
 122  123    23    6
 123  122   212    3
 123  340   145    3
 123  124    23    7
 124  123   145    2
 124  125    23    8
 124  108    22    9
 125  208    23    9
 125  124    22    8
 125  115    21   13
 126  342   142    0
 126  211    67    0
 126  127    24    0
 127  126   142    3
 127  343   106    0
 127  133    24    1
 128  134   152    0
 128  344    77    0
 128  131    24    4
 129  130   179    0
 129  347    69    2
 129  135    24    8
 130  348   179    1
 130  132   100    0
 130  129    24    7
 131    7   200    4
 131  128    77    4
 131  132    24    5
 132  131   200    3
 132   18   100    1
 132  130    24    6
 133    8   201    2
 133  127   106    4
 133  134    24    2
 134  133   201    1
 134    8   152    1
 134  128    24    3
 135  129    69    1
 135  212    24    9
 135  118    23   13
 136  145   132    1
 136   10    78    4
 136  137    25    3
 137  354   133    0
 137  136    78    3
 137  142    25    4
 138  143   151    0
 138  355    98    0
 138  144    25    0
 139  140   155    3
 139  356    67    3
 139  213    25    8
 140  357   155    0
 140  141   103    3
 140  139    25    7
 141  142   185    3
 141  358   103    0
 141  140    25    6
 142  359   185    0
 142  137   133    3
 142  141    25    5
 143  146   192    3
 143  361   151    1
 143  138    25   14
 144  362   197    0
 144  138    98    3
 144  145    25    1
 145  144   197    3
 145  363   132    2
 145  136    25    2
 146  155   209    4
 146   11   192    4
 146  143    25   13
 147  368   140    0
 147  149   102    0
 147  154    26    0
 148  369   168    0
 148  152    86    3
 148  149    26    9
 149  148   168    3
 149  370   102    1
 149  147    26   10
 150  371   176    0
 150  216    71    0
 150  151    26    5
 151  150   176    3
 151  372   109    0
 151  153    26    6
 152  153   178    3
 152  373    86    0
 152  148    26    8
 153  374   178    0
 153  151   109    3
 153  152    26    7
 154  376   209    0
 154  147   140    3
 154  155    26    1
 155  154   209    5
 155  217    26    2
 155  146    25   12
 156  380   150    0
 156  158   101    0
 156  162    27   12
 157  381   153    0
 157  163    85    0
 157  158    27   10
 158  157   153    3
 158  382   101    1
 158  156    27   11
 159  383   157    0
 159  176    58    0
 159  160    27    4
 160    5   188    3
 160  159   157    4
 160  166    27    5
 161  162   198    3
 161  385    71    3
 161  218    27    0
 162  386   198    0
 162  156   150    3
 162  161    27   13
 163  164   214    3
 163  387    85    1
 163  157    27    9
 164   26   214    4
 164  165   148    1
 164  163    27    8
 165  166   223    1
 165   26   148    2
 165  164    27    7
 166   25   223    2
 166  160   188    2
 166  165    27    6
 167   30   128    2
 167  172    76    1
 167  168    28   12
 168  167   128    1
 168   31    95    4
 168  169    28    0
 169  393   154    0
 169  168    95    3
 169  175    28    1
 170  394   161    0
 170  222    72    0
 170  171    28    8
 171  170   161    3
 171  395   116    2
 171  173    28    9
 172  173   171    1
 172   27    76    2
 172  167    28   11
 173   28   171    2
 173  171   116    1
 173  172    28   10
 174  175   181    3
 174  396    58    2
 174  176    28    3
 175  397   181    0
 175  169   154    3
 175  174    28    2
 176  174    58    1
 176  219    28    4
 176  159    27    3
 177  178   129    5
 177  392    72    3
 177  223    29    4
 178  404   129    0
 178  182    93    0
 178  177    29    3
 179  180   135    3
 179  405    80    0
 179  181    29    0
 180    9   135    4
 180  184    99    1
 180  179    29   11
 181  406   138    0
 181  179    80    3
 181  182    29    1
 182  181   138    3
 182  407    93    1
 182  178    29    2
 183  408   194    0
 183  196    62    4
 183  185    29    8
 184  185   218    3
 184   21    99    2
 184  180    29   10
 185   20   218    4
 185  183   194    4
 185  184    29    9
 186  187   162    0
 186  413    62    0
 186  196    30    7
 187  414   162    1
 187  189   118    0
 187  186    30    6
 188  415   170    0
 188  193    87    3
 188  189    30    4
 189  188   170    3
 189  416   118    1
 189  187    30    5
 190  192   180    1
 190    6   111    4
 190  194    30    0
 191  417   189    2
 191  228    63    4
 191  192    30   12
 192  191   189    1
 192    6   180    2
 192  190    30   13
 193  195   207    0
 193  419    87    0
 193  188    30    3
 194  421   229    0
 194  190   111    3
 194  195    30    1
 195  194   229    4
 195   32   207    1
 195  193    30    2
 196  186    62    5
 196  224    30    8
 196  183    29    7
 197  199    64    2
 197   52    16    4
 197  198     0    0
 198  197    16    3
 198   54    15   14
 198  230     0    1
 199   60    64    3
 199  200    17    9
 199  197     0    7
 200  205    18    9
 200   72    17   10
 200  199     0    6
 201  202   131    4
 201   66    18   11
 201  205     1    5
 202   73   131    5
 202  203    19    1
 202  201     1    4
 203  210    20   12
 203   94    19    2
 203  202     1    3
 204  229    56    0
 204  209     1    0
 204  205     0    4
 205  201    18   10
 205  204     1    6
 205  200     0    5
 206  207   224    1
 206   93    20   14
 206  210     2    5
 207  103   224    2
 207  208    21   11
 207  206     2    4
 208  215    23   10
 208  125    21   12
 208  207     2    3
 209  204    56    6
 209  214     2    0
 209  210     1    1
 210  206    20   13
 210  209     2    6
 210  203     1    2
 211  213    67    1
 211  126    24   11
 211  212     3    0
 212  211    24   10
 212  135    23   12
 212  215     3    1
 213  139    67    2
 213  221    25    9
 213  211     3    6
 214  209    56    5
 214  220     3    3
 214  215     2    1
 215  212    23   11
 215  214     3    2
 215  208     2    2
 216  218    71    1
 216  150    26    4
 216  217     4    0
 217  216    26    3
 217  155    25   11
 217  221     4    1
 218  161    71    2
 218  219    27    1
 218  216     4    7
 219  226    28    5
 219  176    27    2
 219  218     4    6
 220  214    56    4
 220  225     4    3
 220  221     3    4
 221  217    25   10
 221  220     4    2
 221  213     3    5
 222  223    72    1
 222  170    28    7
 222  226     5    5
 223  177    72    2
 223  224    29    5
 223  222     5    4
 224  232    30    9
 224  196    29    6
 224  223     5    3
 225  220    56    3
 225  231     5    0
 225  226     4    4
 226  222    28    6
 226  225     5    6
 226  219     4    5
 227   41    63    6
 227  230    15   12
 227  228     6    2
 228  227    63    5
 228  191    30   11
 228  232     6    3
 229  231    56    1
 229  230     6    0
 229  204     0    3
 230  198    15   13
 230  227     6    1
 230  229     0    2
 231  225    56    2
 231  229     6    5
 231  232     5    1
 232  228    30   10
 232  231     6    4
 232  224     5    2
 233    2   172    4
 233  329   117    2
 233  341    10    5
 234  243   139    1
 234   34   105    3
 234  237    31    0
 235  238   163    1
 235   35    88    3
 235  244    31    3
 236  240   177    3
 236   36    68    3
 236  257    31    9
 237   38   195    2
 237  234   105    2
 237  238    31    1
 238  237   195    1
 238   39   163    2
 238  235    31    2
 239   29   208    5
 239  245   141    1
 239  241    31    6
 240  241   213    1
 240   15   177    4
 240  236    31    8
 241   16   213    2
 241  239   208    4
 241  240    31    7
 242   41   215    3
 242  423    63    1
 242  243    31   15
 243  242   215    2
 243   42   139    2
 243  234    31   16
 244   43   226    2
 244  235    88    2
 244  245    31    4
 245  244   226    1
 245   29   141    2
 245  239    31    5
 246   33   123    2
 246  257    68    1
 246  255    32    8
 247   46   124    2
 247  254    91    1
 247  253    32   11
 248   12   126    3
 248  252    79    1
 248  249    32    0
 249  248   126    2
 249   13    97    2
 249  251    32    1
 250  251   130    3
 250   14    64    8
 250  256    32    3
 251   47   130    4
 251  249    97    1
 251  250    32    2
 252  253   187    1
 252    4    79    2
 252  248    32   13
 253    4   187    2
 253  247   124    1
 253  252    32   12
 254  255   203    1
 254   48    91    2
 254  247    32   10
 255   49   203    2
 255  246   123    1
 255  254    32    9
 256  250    64    7
 256  429    32    4
 256  268     7    5
 257  236    68    2
 257  246    32    7
 257  430    31   10
 258  267   134    1
 258   55    83    2
 258  262    33    5
 259  260   147    1
 259   56    59    5
 259  279    33    9
 260   57   147    2
 260  263   113    1
 260  259    33    8
 261  265   149    1
 261   24   108    2
 261  266    33    2
 262   58   182    3
 262  258    83    1
 262  263    33    6
 263  262   182    2
 263   59   113    2
 263  260    33    7
 264   60   184    3
 264  268    64    5
 264  265    33    0
 265  264   184    2
 265   61   149    2
 265  261    33    1
 266   24   222    2
 266  261   108    1
 266  267    33    3
 267  266   222    1
 267   62   134    2
 267  258    33    4
 268  256    64    6
 268  264    33   12
 268  280     7    6
 269  270   125    1
 269   64    75    2
 269  274    34    0
 270   65   125    2
 270  276    94    1
 270  269    34   13
 271  272   131    1
 271   73    70    4
 271  292    34    4
 272   66   131    2
 272  275    92    1
 272  271    34    3
 273   67   137    3
 273  279    59    3
 273  277    34   10
 274   68   183    3
 274  269    75    1
 274  275    34    1
 275  274   183    2
 275   69    92    2
 275  272    34    2
 276  277   190    1
 276   70    94    2
 276  270    34   12
 277   71   190    2
 277  273   137    2
 277  276    34   11
 278  280    34    7
 278  293     8    0
 278  432     7    0
 279  259    59    4
 279  273    34    9
 279  280    33   10
 280  279    34    8
 280  268    33   11
 280  278     7    7
 281   74   136    2
 281  284    84    1
 281  282    35    7
 282  281   136    1
 282   75   110    2
 282  286    35    8
 283  287   159    1
 283   83    73    3
 283  288    35   11
 284  285   173    1
 284   76    84    2
 284  281    35    6
 285   77   173    2
 285  290   121    1
 285  284    35    5
 286   78   196    3
 286  282   110    1
 286  287    35    9
 287  286   196    2
 287   79   159    2
 287  283    35   10
 288   89   202    3
 288  283    73    2
 288  305    35   12
 289   80   206    2
 289  292    70    2
 289  290    35    3
 290  289   206    1
 290   81   121    2
 290  285    35    4
 291  293    35    0
 291  306     9    5
 291  434     8    2
 292  271    70    3
 292  289    35    2
 292  293    34    5
 293  292    35    1
 293  278    34    6
 293  291     8    1
 294   82   156    3
 294  296   104    1
 294  304    36    5
 295   84   160    3
 295  301    82    1
 295  296    36    3
 296  295   160    2
 296   85   104    2
 296  294    36    4
 297   86   166    3
 297  298    96    1
 297  302    36    0
 298  299   186    1
 298   87    96    2
 298  297    36   14
 299   88   186    2
 299  300   122    1
 299  298    36   13
 300  305   202    1
 300   90   122    2
 300  299    36   12
 301  302   221    1
 301   91    82    2
 301  295    36    2
 302   92   221    2
 302  297   166    2
 302  301    36    1
 303  304   224    4
 303  103    65    3
 303  318    36    7
 304   93   224    5
 304  294   156    2
 304  303    36    6
 305  288   202    2
 305  300    36   11
 305  306    35   13
 306  305    36   10
 306  291    35   14
 306  319     9    6
 307   95   143    2
 307  318    65    1
 307  308    37   10
 308  307   143    1
 308   96   107    3
 308  309    37   11
 309   97   144    2
 309  308   107    2
 309  316    37   12
 310  314   164    1
 310   98    60    5
 310  330    37    4
 311   17   169    5
 311  315    81    1
 311  312    37    0
 312  311   169    4
 312   23   114    2
 312  313    37    1
 313   23   219    2
 313  312   114    1
 313  314    37    2
 314  313   219    1
 314  101   164    2
 314  310    37    3
 315  316   228    1
 315  104    81    2
 315  311    37   14
 316  105   228    2
 316  309   144    1
 316  315    37   13
 317  319    37    7
 317  331    10    2
 317  439     9    0
 318  303    65    2
 318  307    37    9
 318  319    36    8
 319  318    37    8
 319  306    36    9
 319  317     9    7
 320  326   146    1
 320  106    74    3
 320  321    38    6
 321  107   167    2
 321  320    74    2
 321  322    38    7
 322  321   167    1
 322    0   117    4
 322  329    38    8
 323  324   175    1
 323  109    89    3
 323  325    38    3
 324  110   175    2
 324  328   119    1
 324  323    38    2
 325  111   193    2
 325  323    89    2
 325  326    38    4
 326  325   193    1
 326  112   146    2
 326  320    38    5
 327  113   220    3
 327  330    60    3
 327  328    38    0
 328  327   220    2
 328  114   119    2
 328  324    38    1
 329  322   117    3
 329  331    38    9
 329  233    10    4
 330  310    60    4
 330  327    38   11
 330  331    37    5
 331  330    38   10
 331  317    37    6
 331  329    10    3
 332  116   120    2
 332  339    61    1
 332  333    39    0
 333  332   120    1
 333  117    90    3
 333  337    39    1
 334  341   172    2
 334    3   145    5
 334  340    39    9
 335  336   191    1
 335  118    69    5
 335  352    39    5
 336  119   191    2
 336  338   127    1
 336  335    39    4
 337  120   199    3
 337  333    90    2
 337  338    39    2
 338  337   199    2
 338  121   127    2
 338  336    39    3
 339  340   212    1
 339  122    61    2
 339  332    39   11
 340  123   212    2
 340  334   145    4
 340  339    39   10
 341  233   172    3
 341  334    39    8
 341  353    10    6
 342  343   142    1
 342  126    67    6
 342  366    40    8
 343  127   142    2
 343  345   106    1
 343  342    40    7
 344  128   152    4
 344  346    77    1
 344  345    40    5
 345  344   152    3
 345    8   106    2
 345  343    40    6
 346  350   174    1
 346    7    77    2
 346  344    40    4
 347  129   179    3
 347  352    69    3
 347  348    40    0
 348  347   179    2
 348  130   100    4
 348  349    40    1
 349   18   217    3
 349  348   100    3
 349  350    40    2
 350  349   217    2
 350   19   174    2
 350  346    40    3
 351  353    40   11
 351  367    11    5
 351  442    10    8
 352  335    69    4
 352  347    40   13
 352  353    39    6
 353  352    40   12
 353  341    39    7
 353  351    10    7
 354  359   133    1
 354  137    78    2
 354  364    41    0
 355  138   151    3
 355  362    98    1
 355  361    41    5
 356  139   155    2
 356  366    67    4
 356  357    41   12
 357  356   155    1
 357  140   103    2
 357  358    41   13
 358  141   185    2
 358  357   103    1
 358  359    41   14
 359  358   185    1
 359  142   133    2
 359  354    41   15
 360  361   192    1
 360   11    66    3
 360  378    41    7
 361  143   192    2
 361  355   151    2
 361  360    41    6
 362  363   197    1
 362  144    98    2
 362  355    41    4
 363  145   197    2
 363  365   132    3
 363  362    41    3
 364   10   205    2
 364  354    78    1
 364  365    41    1
 365  364   205    1
 365   10   132    4
 365  363    41    2
 366  342    67    5
 366  356    41   11
 366  367    40    9
 367  366    41   10
 367  351    40   10
 367  379    11    6
 368  376   140    1
 368  147   102    3
 368  370    42    0
 369  370   168    1
 369  148    86    2
 369  373    42    2
 370  149   168    2
 370  368   102    2
 370  369    42    1
 371  372   176    1
 371  150    71    6
 371  390    42    6
 372  151   176    2
 372  374   109    1
 372  371    42    5
 373  152   178    2
 373  369    86    1
 373  374    42    3
 374  373   178    1
 374  153   109    2
 374  372    42    4
 375   11   209    2
 375  378    66    1
 375  376    42   12
 376  375   209    1
 376  154   140    2
 376  368    42   13
 377  379    42    9
 377  391    12    0
 377  444    11    0
 378  360    66    2
 378  375    42   11
 378  379    41    8
 379  378    42   10
 379  367    41    9
 379  377    11    7
 380  386   150    1
 380  156   101    3
 380  382    43    0
 381  382   153    1
 381  157    85    3
 381  387    43    2
 382  158   153    2
 382  380   101    2
 382  381    43    1
 383  384   157    1
 383  159    58    5
 383  403    43    7
 384    5   157    2
 384  388   115    1
 384  383    43    6
 385  161   198    2
 385  390    71    4
 385  386    43   13
 386  385   198    1
 386  162   150    2
 386  380    43   14
 387  163   214    2
 387  381    85    2
 387  389    43    3
 388  389   223    4
 388   25   115    2
 388  384    43    5
 389   26   223    5
 389  387   214    1
 389  388    43    4
 390  371    71    5
 390  385    43   12
 390  391    42    7
 391  390    43   11
 391  377    42    8
 391  446    12    1
 392  177   129    4
 392  394    72    4
 392  402    44    4
 393  397   154    1
 393  169    95    2
 393  401    44   11
 394  395   161    1
 394  170    72    5
 394  392    44    3
 395  171   161    2
 395  399   116    3
 395  394    44    2
 396  174   181    2
 396  403    58    3
 396  397    44    9
 397  396   181    1
 397  175   154    2
 397  393    44   10
 398   27   225    3
 398  400    76    4
 398  399    44    0
 399  398   225    2
 399   28   116    4
 399  395    44    1
 400  401   227    1
 400   30    76    5
 400  398    44   13
 401   31   227    2
 401  393    95    1
 401  400    44   12
 402  392   129    3
 402  447    44    5
 402  412    13    2
 403  383    58    4
 403  396    44    8
 403  448    43    8
 404  412   129    1
 404  178    93    3
 404  407    45    8
 405  179   135    2
 405  406    80    1
 405  410    45    0
 406  407   138    1
 406  181    80    2
 406  405    45   10
 407  182   138    2
 407  404    93    2
 407  406    45    9
 408  409   194    1
 408  183    62    3
 408  425    45    4
 409   20   194    2
 409  411   158    1
 409  408    45    3
 410    9   204    4
 410  405   135    1
 410  411    45    1
 411  410   204    3
 411   22   158    2
 411  409    45    2
 412  402   129    2
 412  404    45    7
 412  426    13    3
 413  186   162    3
 413  425    62    1
 413  414    46   13
 414  413   162    2
 414  187   118    3
 414  416    46   14
 415  416   170    1
 415  188    87    2
 415  419    46    0
 416  189   170    2
 416  414   118    2
 416  415    46   15
 417  418   189    3
 417  191    63    3
 417  423    46    6
 418    6   189    4
 418  421   111    1
 418  417    46    5
 419  193   207    4
 419  415    87    1
 419  420    46    1
 420  419   207    3
 420   32   165    2
 420  422    46    2
 421  422   229    1
 421  194   111    2
 421  418    46    4
 422   32   229    2
 422  420   165    1
 422  421    46    3
 423  417    63    2
 423  424    46    7
 423  242    31   14
 424  453    46    8
 424  423    31   13
 424  428    14    0
 425  408    62    2
 425  413    46   12
 425  426    45    5
 426  425    46   11
 426  412    45    6
 426  452    13    4
 427  431    55    0
 427  454    47    0
 427  429     7    3
 428  430    47    3
 428  424    31   12
 428  455    14    1
 429  427    47    5
 429  430    32    5
 429  256     7    4
 430  429    47    4
 430  257    32    6
 430  428    31   11
 431  435    55    1
 431  432    48    3
 431  427     7    2
 432  436    48    0
 432  278     8    5
 432  431     7    1
 433  437    55    3
 433  435    49    0
 433  434     9    3
 434  433    49    3
 434  291     9    4
 434  436     8    3
 435  433    55    2
 435  436    49    1
 435  431    48    2
 436  434    49    2
 436  435    48    1
 436  432     8    4
 437  438    55    4
 437  439    50    0
 437  433     9    2
 438  440    55    5
 438  437    50    2
 438  439    10    0
 439  438    50    1
 439  317    10    1
 439  437     9    1
 440  441    55    6
 440  442    51    0
 440  438    10   10
 441  443    55    7
 441  440    51    2
 441  442    11    3
 442  441    51    1
 442  351    11    4
 442  440    10    9
 443  449    55    8
 443  444    52    3
 443  441    11    2
 444  450    52    0
 444  377    12    4
 444  443    11    1
 445  451    55   10
 445  449    53    3
 445  447    13    0
 446  448    53    0
 446  391    43   10
 446  450    12    2
 447  445    53    2
 447  448    44    6
 447  402    13    1
 448  447    53    1
 448  403    44    7
 448  446    43    9
 449  445    55    9
 449  450    53    4
 449  443    52    2
 450  446    53    5
 450  449    52    1
 450  444    12    3
 451  454    55   11
 451  452    54    0
 451  445    13    6
 452  453    54    1
 452  426    46   10
 452  451    13    5
 453  455    54    2
 453  452    46    9
 453  424    14    3
 454  427    55   12
 454  451    54    4
 454  455    47    1
 455  454    54    3
 455  428    47    2
 455  453    14    2
