
# WPolyhedron::Dump
# num_vertices   num_facets   num_edges
   524  264 1572
# vertices:  ind  x y z
   0  -0.175585243298  2.786008750961 -5.467476600755
   1   1.003978087105  2.587605375925 -5.490480360994
   2   1.985490234290  1.862212527983 -5.474590235822
   3   1.314769740837  2.433679375788 -5.514198995573
   4   0.038611415670  2.788434041533 -5.461302529386
   5  -0.062471653436  2.790868048570 -5.487731147946
   6   1.905057040076  1.953546558906 -5.485808338708
   7   2.009754848944  1.834900456974 -5.498117273477
   8   1.160782695090  2.514241840921 -5.487075423619
   9   1.110924037795  2.538077097168 -5.484069310130
  10   1.230551908879  2.476686411491 -5.469882358558
  11  -2.397792151494  1.351857832381 -5.467349462885
  12   2.337827140472 -1.130368772445 -5.503423939542
  13  -2.444579442148  1.258220430930 -5.487271875504
  14  -1.826182554316  2.084790137989 -5.507851151936
  15  -1.724536461044  2.166076240794 -5.432470216030
  16  -0.698100905284  2.697777477249 -5.443732757245
  17   1.812664956760  2.049303131649 -5.491399247770
  18   1.867344758227  1.991461647791 -5.472334240544
  19   1.623027308369 -1.944755189190 -5.384021101398
  20   0.216342003505  2.781406136707 -5.477669557116
  21  -2.694608194972  0.204694427210 -5.444131223757
  22   2.170395205764  1.617562606168 -5.443170957754
  23  -1.007846500244  2.591669544596 -5.456878938776
  24   1.924322781584 -1.679332948242 -5.396513192006
  25   2.595073436363 -0.448440628757 -5.529346701189
  26  -0.951382088606 -2.399701745663 -5.500011460965
  27  -0.989754477186 -2.379562758156 -5.426729371136
  28  -2.496234605498  1.146320711074 -5.505949198004
  29  -2.460975945910  1.220647971608 -5.477885949182
  30   2.471276068805  1.051351741648 -5.504406372619
  31   2.351164632756 -1.097929102665 -5.442511686658
  32   2.383518103893 -1.042927240271 -5.471176329781
  33  -1.082994193974  2.562257584219 -5.501406135196
  34   2.603241066529  0.564066787814 -5.415684351247
  35   2.624270617966 -0.265649219230 -5.448269779200
  36   2.638176772090 -0.150504566306 -5.499317820477
  37   0.708142005446 -2.431597570857 -5.429569382406
  38   0.760040278983 -2.416300587603 -5.473544474097
  39  -0.819649665120 -2.441780328355 -5.488676697626
  40  -0.901808457640 -2.410855527333 -5.422444830125
  41   2.642115748027  0.215952983793 -5.427492673138
  42   1.875642814413 -1.735058883380 -5.472865543970
  43  -2.527723125611 -0.801396490082 -5.469526802951
  44   0.839244449386  2.649354329235 -5.464104009616
  45   0.788930741170  2.667784498910 -5.488471702262
  46   0.722341396281  2.685509661157 -5.442702706399
  47  -1.198571732767 -2.292127600135 -5.443159828238
  48   2.149179202917 -1.407757694775 -5.388752133198
  49   0.307428750300 -2.516322757836 -5.384036572924
  50  -1.127516356276  2.540274725901 -5.462481142458
  51  -2.371445596279 -1.152822683415 -5.513116186551
  52   2.547431482370  0.821343407538 -5.463714447944
  53   2.558981007565  0.782138466397 -5.480584796764
  54  -0.458469851793 -2.516088967764 -5.419800858973
  55   2.463467690966 -0.868484509947 -5.504785583864
  56  -0.795391103805  2.672228562626 -5.509724781309
  57  -0.869126915600  2.643576611097 -5.450978616102
  58  -2.603180163492 -0.564420581353 -5.464005640372
  59   2.622875082739 -0.285574725442 -5.482653098503
  60   2.617266783225 -0.322712879749 -5.503753462775
  61   2.616594111080 -0.325616662156 -5.520711992444
  62   2.137359029384  1.675372171107 -5.529296471958
  63   2.046296679688  1.789148783450 -5.479701894285
  64   0.055183074918  2.786412303228 -5.446306838369
  65  -0.201377498246  2.781235549920 -5.438773874319
  66   0.081721106591  2.785091963834 -5.445474525019
  67   0.544163124588  2.728680558489 -5.401964650165
  68   0.452459600445  2.747197926001 -5.416958553932
  69  -0.408371110117  2.757023276378 -5.415298165180
  70  -0.322892331419  2.768749915551 -5.426493145730
  71   0.323486254516  2.766719083510 -5.432382828092
  72   0.279903449132  2.771176581048 -5.435737502380
  73   0.961808283148  2.599303591217 -5.452529912043
  74   1.358148124919  2.400676879000 -5.441424939889
  75   1.108698804133  2.533348234925 -5.454433368282
  76   1.249743557366  2.463623303248 -5.451235901213
  77   0.631776402243  2.708729189652 -5.417791167532
  78   1.489538167679  2.313268916548 -5.420798947162
  79   0.826325190424  2.651856976574 -5.444267316590
  80   0.717261191008  2.686190280971 -5.431350776847
  81   1.429899217280  2.354379919842 -5.431289644606
  82   1.472645774406  2.325822666689 -5.424484965476
  83   0.545617176085  2.728310676273 -5.401660676540
  84   2.022659230100  1.815295187485 -5.451425248999
  85   1.609377107878  2.223442925945 -5.422473997939
  86   1.767514365495  2.086735378726 -5.444857479967
  87   1.845950721124  2.009203494738 -5.450311461815
  88   2.242347132817  1.504027355285 -5.412038518749
  89   2.171691348124  1.613949706768 -5.430405428078
  90   1.712655354709  2.137638319271 -5.439112593318
  91   1.680012120059  2.166035189180 -5.434595056021
  92   2.051080798190  1.780789430392 -5.449677359686
  93   2.071391073073  1.754442814096 -5.447447577403
  94   1.542915990953  2.272025287330 -5.407913557079
  95   2.376831801993  1.257834960851 -5.434746480720
  96   2.602210903796  0.563835945605 -5.399973046570
  97   2.583015521970  0.661521677419 -5.415048780276
  98   2.511405717561  0.928336401267 -5.440639346882
  99   2.483299283736  1.006726593950 -5.442414570762
 100   2.426248846375  1.149566594856 -5.440906911996
 101   2.434657403573  1.129346454547 -5.441390627028
 102   2.275894286575  1.447320197427 -5.412221765806
 103   2.315248774828  1.376878086115 -5.422082934683
 104   2.541471236749  0.834982753690 -5.435757425222
 105   2.565066081567  0.739371449456 -5.424908257457
 106   2.257075209110  1.478604841025 -5.406752473955
 107   2.643182315930  0.005411185253 -5.431196265708
 108   2.582627067101 -0.462816455905 -5.390638466096
 109   2.611959062982  0.498870732114 -5.392000191531
 110   2.622915063722 -0.262530323244 -5.420389356405
 111   2.631307232038 -0.176947891515 -5.425495320696
 112   2.644379366552  0.086127708222 -5.430220079323
 113   2.641894549109  0.216168174843 -5.424842427785
 114   2.633132135176  0.342131239822 -5.414154041273
 115   2.632574720073  0.348669135666 -5.413510808464
 116   2.609753453972  0.511842901581 -5.389775897712
 117   2.267180151612 -1.227796278298 -5.401524242603
 118   2.514455375326 -0.711520876214 -5.413134972861
 119   2.539314076940 -0.628372758047 -5.403218232395
 120   2.437547518049 -0.915999016731 -5.425098153048
 121   2.410682795397 -0.978221783007 -5.426012274886
 122   2.347783957999 -1.099406458709 -5.419462281610
 123   2.394818232365 -1.011848202750 -5.425445954197
 124   2.147983417169 -1.407224428490 -5.371296157196
 125   2.228629913500 -1.287278967399 -5.392263239663
 126   2.481848857972 -0.802931161071 -5.419880566678
 127   2.500643635303 -0.752583333159 -5.416823138058
 128   2.009347461394 -1.584817123366 -5.387503507670
 129   1.776283068105 -1.819131702581 -5.396113743636
 130   1.623015730194 -1.944758220363 -5.383952891016
 131   1.924310039939 -1.679319909292 -5.396286535155
 132   1.433891766441 -2.078291999628 -5.355494781413
 133   1.503695233973 -2.030086637027 -5.366674878202
 134   1.815443257227 -1.784765305817 -5.397800365878
 135   1.822914516266 -1.777752620767 -5.397836598639
 136   2.104744026520 -1.464496832035 -5.368692768418
 137   2.031034547730 -1.558193365951 -5.383683881998
 138   2.124445865295 -1.437629408160 -5.363544102743
 139   0.702714192775 -2.430534320403 -5.390399509140
 140   0.950363035584 -2.335294592562 -5.390532814337
 141   1.103759046149 -2.265595533394 -5.382005174100
 142   0.471253298485 -2.486925989498 -5.364040159321
 143   1.308175241574 -2.155422841483 -5.356735607431
 144   1.197866430745 -2.217085900599 -5.372149635737
 145   0.866756899764 -2.370027427121 -5.392562578687
 146   0.821482798576 -2.387972828273 -5.392967711953
 147   0.639507879134 -2.448554339572 -5.385309063453
 148   0.569113915420 -2.466051633398 -5.377571438215
 149  -0.143510783525 -2.542302386773 -5.408918020093
 150   0.179654597010 -2.531221199442 -5.393850347116
 151  -0.556479947917 -2.496085759278 -5.376143514801
 152  -0.465755036031 -2.512771322663 -5.388972826346
 153  -0.304898189898 -2.531631149377 -5.402478164284
 154  -0.221147298382 -2.538521076949 -5.406985293251
 155   0.021752767053 -2.542100324215 -5.405921744072
 156   0.025638888490 -2.541966451223 -5.405740018563
 157   0.410565852176 -2.498334458244 -5.361567384017
 158   0.308276710028 -2.515769255858 -5.378338376591
 159   0.431693511138 -2.494026979991 -5.357494674524
 160  -1.361856123584 -2.203096294207 -5.407914206897
 161  -1.132289642324 -2.320001365358 -5.421279218408
 162  -0.988358146525 -2.379368426669 -5.418652200301
 163  -0.791979396471 -2.442832165330 -5.401211158693
 164  -0.901630065222 -2.410112990797 -5.413096243368
 165  -1.517558786136 -2.100636872740 -5.380541674784
 166  -1.449929195193 -2.147843745994 -5.394567247751
 167  -1.207741308078 -2.285837214246 -5.420251984072
 168  -1.279547863265 -2.248935971449 -5.415807377736
 169  -0.649442715562 -2.477047896989 -5.379190011247
 170  -0.713551589985 -2.463492649956 -5.390543683832
 171  -2.107769915193 -1.540700931201 -5.396041265543
 172  -1.689618006252 -1.971744145476 -5.399696754649
 173  -1.737091462982 -1.931610372302 -5.404596764587
 174  -1.582719267235 -2.055196432139 -5.384485567885
 175  -1.614239854775 -2.031161217695 -5.389316062547
 176  -1.909827260499 -1.766865351251 -5.411126384249
 177  -1.931891031072 -1.743297023210 -5.410435796764
 178  -1.846623797617 -1.830000493053 -5.410461231627
 179  -1.760498752551 -1.910445787300 -5.406181873927
 180  -2.055968323233 -1.604027381360 -5.402488124170
 181  -2.035195808485 -1.628566236333 -5.404557024537
 182  -2.194084269262 -1.421513936414 -5.377046228080
 183  -2.171459210312 -1.454424562665 -5.383032868232
 184  -1.538844047594 -2.085241614186 -5.375702482793
 185  -2.265250076426 -1.315619371239 -5.368286158623
 186  -2.631346503617 -0.421507689868 -5.369940056319
 187  -2.450993452280 -0.977354497251 -5.406602531015
 188  -2.551695178107 -0.719192189721 -5.403087978317
 189  -2.538658300729 -0.757653558531 -5.405180008172
 190  -2.328376909599 -1.211748898664 -5.384911571738
 191  -2.303982167404 -1.253765343544 -5.379096470020
 192  -2.480382011529 -0.909654497744 -5.408059073319
 193  -2.504066303037 -0.849730119048 -5.407490220780
 194  -2.570831706051 -0.659426292683 -5.398942144563
 195  -2.584536823920 -0.611052987674 -5.394163534600
 196  -2.374156225368 -1.129985870905 -5.394877423095
 197  -2.411642320318 -1.060275445084 -5.402141578744
 198  -2.619315812933 -0.477869094495 -5.378649429706
 199  -2.613623206257 -0.500852433628 -5.381573332003
 200  -2.686539787754 -0.047536039519 -5.414990701619
 201  -2.669463712841 -0.215373143035 -5.399682714833
 202  -2.676874840363  0.432708367003 -5.408196893714
 203  -2.659081928956 -0.284187870361 -5.390483914323
 204  -2.692874139060  0.078443067414 -5.420876371090
 205  -2.657388529197  0.565262692684 -5.391781993768
 206  -2.666001726648  0.513857284470 -5.399060951643
 207  -2.689558227641  0.281471364478 -5.418669922094
 208  -2.692909167243  0.213600424531 -5.421346122513
 209  -2.633366964235 -0.410092232847 -5.367843957875
 210  -2.630156568451  0.713770417877 -5.406151596813
 211  -2.341930523242  1.449439692530 -5.443239535905
 212  -2.390944996121  1.361476011374 -5.450378556801
 213  -2.562429745403  0.958666857203 -5.440943288266
 214  -2.605789782081  0.812940326451 -5.422673324669
 215  -2.249032112941  1.595245346639 -5.422137270808
 216  -2.276542605256  1.554207259811 -5.429161168984
 217  -2.503224541454  1.116130814837 -5.450859885954
 218  -2.465864871191  1.202896320132 -5.452556865407
 219  -2.554290559468  0.984307468559 -5.443752274617
 220  -2.549162583679  0.998748836935 -5.444901839001
 221  -2.647686852243  0.612824852736 -5.383549549464
 222  -1.923701794499  1.987896426246 -5.442891666196
 223  -1.860839789214  2.046549827480 -5.438274161744
 224  -1.721607926512  2.167581010480 -5.422719822580
 225  -2.094244890351  1.803691567122 -5.440372090605
 226  -1.549851024059  2.295260627494 -5.390557887938
 227  -1.663794796551  2.211624397901 -5.412534083601
 228  -2.164072673819  1.713201009950 -5.430299641732
 229  -2.101422866884  1.794965308778 -5.439682119846
 230  -2.048835324675  1.855382756091 -5.442629246397
 231  -1.947225989381  1.963644354264 -5.443238028010
 232  -2.230700063559  1.619765163087 -5.416433497393
 233  -0.701423781962  2.696243001909 -5.436017800290
 234  -1.011536817886  2.589229908666 -5.444803458184
 235  -1.242960580990  2.482390124993 -5.429407089545
 236  -1.438289493886  2.369056600292 -5.397570096928
 237  -1.355282339108  2.419243394019 -5.412746784825
 238  -0.497432691793  2.740943388851 -5.409334063756
 239  -0.552697052058  2.730197322927 -5.417672890356
 240  -1.130026035718  2.537578128447 -5.439402375904
 241  -1.206349762842  2.501272267458 -5.433454020869
 242  -0.739641812917  2.684643299241 -5.438393006343
 243  -0.868318765486  2.643325493650 -5.444549196834
 244  -0.469964960241  2.745292105444 -5.404382048718
 245  -1.509581823265  2.320974554196 -5.380484853055
 246   0.516515044190  2.603418019326 -5.292864730134
 247   0.233726008659  0.498214101385 -3.534991959081
 248  -0.101172949798  0.581806847416 -3.530071659912
 249   2.102107281942  1.380452821053 -5.249998703660
 250  -0.016702953226  0.122635274117 -3.178207914269
 251   0.212659040410  0.458196421184 -3.498189236913
 252   2.575766232653 -0.490215748283 -5.386276826538
 253   2.577084410576 -0.484759995941 -5.386405860436
 254   0.480003181875  0.200734121416 -3.561368913435
 255   2.570832269382 -0.507978008417 -5.385334003079
 256   0.393629201507 -0.194525053788 -3.559446474017
 257  -0.009631461700  0.112427313435 -3.178207914269
 258   0.467256822314  0.200705308745 -3.551001697578
 259   1.386070516699 -2.106823285282 -5.345021743950
 260   1.369306468561 -2.117083044609 -5.344842197605
 261  -0.014368989182  0.090138089016 -3.178207914269
 262   0.390350337658 -0.192925240863 -3.556501636398
 263  -0.577890601354 -2.491393728581 -5.372465834377
 264   0.063601562427 -0.403169267087 -3.562008060875
 265  -0.615716391514 -2.483579880874 -5.372743648795
 266  -0.322783635706 -0.327627316988 -3.568322360442
 267  -0.019698462988  0.086795387025 -3.178207914269
 268   0.063266097048 -0.384960291817 -3.547260645392
 269  -2.234992059353 -1.359675978047 -5.364813314174
 270  -2.256028051421 -1.328774636345 -5.365201593860
 271  -0.044769337888  0.092200845747 -3.178207914269
 272  -0.303395390104 -0.287038677680 -3.531919527466
 273  -0.577632806295  0.007483332252 -3.592020633029
 274  -2.431361931646  0.571137278041 -5.196401221586
 275  -0.051788725678  0.102794028522 -3.178207914269
 276  -0.524669748337  0.009488530791 -3.549112368798
 277  -0.457685937857  0.411740400645 -3.568911129669
 278  -1.301301556189  2.005033465126 -5.059040030051
 279  -0.037163198924  0.128115217339 -3.178207914269
 280  -0.102244593078  0.508108546748 -3.470438416878
 281  -0.048247387435  0.120656841503 -3.178207914269
 282  -0.406034699883  0.359487816261 -3.508912959369
 283   0.544501869352  2.738264778049 -5.543249726695
 284  -0.277969654647  2.780095216342 -5.513750756951
 285   0.109325997514  2.788727615593 -5.505173279355
 286  -0.048408164587  2.791157432040 -5.503671722866
 287   0.435526370387  2.758131770837 -5.529760935694
 288  -0.473938026929  2.756288804891 -5.534421372748
 289  -0.424645735117  2.764273494203 -5.527544673780
 290  -0.327341153046  2.775739670393 -5.517578844657
 291   0.228298080193  2.783450061073 -5.509199893065
 292   0.281191277812  2.778823261307 -5.512905919352
 293   0.527149174780  2.741581906464 -5.543351125794
 294   1.316763580377  2.432813529733 -5.519510174534
 295   1.234183333507  2.476344095596 -5.514098654199
 296   0.946603644116  2.612524811847 -5.507210228129
 297   0.907463131066  2.628191231436 -5.508497980651
 298   0.779637122800  2.672429125610 -5.518076959234
 299   0.610511189738  2.722035938467 -5.537674596364
 300   0.717167531199  2.692024336101 -5.524328751389
 301   1.407363893616  2.376275723262 -5.532258885165
 302   1.482792121894  2.327563730180 -5.544146695447
 303   0.569331487212  2.732342788538 -5.543820891598
 304   1.183369682920  1.917166045280 -5.965386191903
 305   1.601047291836  2.239593077655 -5.531793557749
 306   1.805435837289  2.058300590268 -5.512096816399
 307   1.888982200587  1.972005468967 -5.510993514993
 308   2.009538276192  1.835309335022 -5.516340383928
 309   2.217795675180  1.558933169022 -5.548511983819
 310   2.214890173518  1.563263948409 -5.547792440424
 311   1.559312149801  2.271553788986 -5.538698757630
 312   1.742338930559  2.117975874185 -5.516063654134
 313   1.679793931517  2.173618436212 -5.521996899722
 314   2.137589742181  1.675165542417 -5.530540417652
 315   2.124804049923  1.691529693260 -5.528909335633
 316   1.504254502936  2.312310294894 -5.548609936684
 317   1.192407112033  1.920684961051 -5.959552226293
 318   2.391643909372  1.240064037940 -5.513352123296
 319   2.528621740682  0.887729250416 -5.514200418591
 320   2.577225393183  0.720871929363 -5.527651197439
 321   2.586256453496  0.684558977738 -5.531819131261
 322   2.508386730101  0.949472400394 -5.511028133569
 323   2.417118293196  1.183156659014 -5.510801312248
 324   2.471458064607  1.051597931752 -5.508556147777
 325   2.602047773874  0.611695613370 -5.542051358135
 326   2.292678118144  1.430772851115 -5.532807428727
 327   2.334862192066  1.352952305971 -5.523424361260
 328   2.224347805769  1.548074446446 -5.550757318164
 329   2.215721598103  1.541317657349 -5.559801235340
 330   2.649475436743  0.009330658082 -5.516939878390
 331   2.641596867279 -0.124975767836 -5.525040915373
 332   2.627224121667  0.462353252955 -5.531645366457
 333   2.646878834390  0.251467365650 -5.516797156299
 334   2.612004902073 -0.350117424221 -5.552725423004
 335   2.624636212039  0.479575142215 -5.533703970776
 336   2.650920135847  0.111699996496 -5.514690913623
 337   2.650712423394  0.125165888262 -5.514737473679
 338   2.646036067510  0.265593506053 -5.517383902308
 339   2.638137883900  0.370832017761 -5.523149337047
 340   2.631107688749 -0.222100724306 -5.535024080878
 341   2.617802524962 -0.314259422725 -5.547382541893
 342   2.607765121501  0.580609909863 -5.547234781660
 343   2.385903130002 -1.043437001777 -5.507282721644
 344   2.337733561091 -1.132008270862 -5.514366421434
 345   2.527366427498 -0.694300653290 -5.517851137102
 346   2.555677273122 -0.604439434807 -5.527010375111
 347   2.570071575817 -0.553689457024 -5.533450836516
 348   2.411074341580 -0.989775288671 -5.506181278918
 349   2.591476251441 -0.468084549597 -5.546600778538
 350   2.209099712934 -1.337499801116 -5.544218952090
 351   2.232784123559 -1.300655502177 -5.538373067707
 352   2.499439241675 -0.774671796934 -5.511731202614
 353   2.463775529926 -0.868140042106 -5.507146616568
 354   2.602994232573 -0.401283345247 -5.560984505092
 355   2.589274875341 -0.398791517615 -5.572769984199
 356   2.142145958257 -1.435324590271 -5.538189741367
 357   1.601307326612 -1.972022592228 -5.529634652298
 358   1.955798011408 -1.658496499204 -5.511798407450
 359   1.995045036930 -1.615718794615 -5.514767320931
 360   1.771255159573 -1.834532217530 -5.513227329215
 361   1.763339809627 -1.841141609059 -5.513865397804
 362   1.439302448862 -2.089605229651 -5.553538052398
 363   1.522467632515 -2.030175602389 -5.540696390927
 364   1.810040864559 -1.800159236514 -5.511318303443
 365   1.876480388196 -1.737672030306 -5.510258652104
 366   2.122365231520 -1.461168093853 -5.534068179362
 367   2.051858415934 -1.547890025653 -5.522683875768
 368   1.418167610067 -2.102880481308 -5.557921673528
 369   2.185082013089 -1.373576035389 -5.550600480575
 370   0.954028731434 -2.340007425736 -5.514484155409
 371   1.116775265050 -2.266904501377 -5.521879887003
 372   0.501778598067 -2.492727238838 -5.534851029411
 373   1.330987811695 -2.155284201145 -5.544111356962
 374   1.235429764363 -2.207054992612 -5.532588881137
 375   0.870828913878 -2.374401337963 -5.513119949956
 376   0.689597256866 -2.442774648703 -5.515460380532
 377   0.755226663350 -2.420159219668 -5.512872493533
 378   0.610663540244 -2.466127250919 -5.521695061912
 379   0.571951286276 -2.476368137066 -5.525736476438
 380   1.413827433101 -2.105548893289 -5.558040103845
 381  -0.132998271445 -2.548591522993 -5.502176208324
 382   0.161313942486 -2.541967842223 -5.501917520245
 383   0.248559216273 -2.532817030207 -5.507879255504
 384  -0.360668744324 -2.534906847078 -5.518178339126
 385  -0.234348410105 -2.544167452812 -5.507898519659
 386   0.013426791040 -2.548406610261 -5.499434237766
 387   0.097834038839 -2.545788242214 -5.499963889195
 388   0.383460192038 -2.514337098802 -5.520735893392
 389   0.375356654506 -2.515556972123 -5.519871360847
 390  -0.368352068767 -2.534124577283 -5.518987594564
 391  -0.456916311844 -2.523644256153 -5.529545076288
 392  -0.516501945664 -2.513868302230 -5.538937380905
 393   0.496208275866 -2.493848846208 -5.535718165729
 394  -0.951469302697 -2.399782268292 -5.501716040331
 395  -0.815877222873 -2.444167035882 -5.506855608375
 396  -1.404114824323 -2.189259063948 -5.533528852923
 397  -0.574650988341 -2.503234287870 -5.531624540233
 398  -1.136540514096 -2.325950270806 -5.505107522117
 399  -1.128256792448 -2.329647342223 -5.504647564222
 400  -1.108951260414 -2.337591868031 -5.504103092910
 401  -1.434444364302 -2.171177459222 -5.538782647233
 402  -1.290167835690 -2.250801051700 -5.518808928623
 403  -1.254425494931 -2.268761083713 -5.515247300389
 404  -0.632316987016 -2.490784619057 -5.524391444066
 405  -0.728970391329 -2.468432332115 -5.513434788472
 406  -0.525320011145 -2.512335369749 -5.539028776952
 407  -2.109361771711 -1.553216351180 -5.527324157544
 408  -2.254447813864 -1.356243389739 -5.552296084913
 409  -1.664997818677 -2.004322237597 -5.536939395344
 410  -1.738504706063 -1.940875427941 -5.529026019688
 411  -1.573145054402 -2.076885070921 -5.550629325181
 412  -1.659745241211 -2.008597025247 -5.537651357848
 413  -1.914315633479 -1.773453725014 -5.518966119134
 414  -1.995489986164 -1.687064248098 -5.519463472770
 415  -1.526910948981 -2.110164708673 -5.559356052101
 416  -1.850028886842 -1.837929075322 -5.520802305371
 417  -1.824465420437 -1.862092542105 -5.522366989568
 418  -2.071770457699 -1.598314267287 -5.524213142581
 419  -1.996428942863 -1.686031430160 -5.519488200459
 420  -2.245365467143 -1.369339368005 -5.550299727878
 421  -2.186041274745 -1.452355698873 -5.538688020906
 422  -2.259526726132 -1.348149367146 -5.553848488176
 423  -1.526762880127 -2.110267984806 -5.559385870071
 424  -2.443994584875 -1.009756109938 -5.517598559002
 425  -2.571238971316 -0.683468419859 -5.519522545734
 426  -2.309864596175 -1.264620752750 -5.542768711798
 427  -2.499089651060 -0.881958932340 -5.514315556754
 428  -2.527656146735 -0.809824877858 -5.514406180216
 429  -2.584758946027 -0.642316369155 -5.521706496500
 430  -2.415694849012 -1.070403308368 -5.520810344185
 431  -2.373770407285 -1.150733114262 -5.528473761856
 432  -2.623013725160 -0.506554950276 -5.533785382756
 433  -2.606917052259 -0.567510847984 -5.527533235849
 434  -2.266513221713 -1.336770541312 -5.554025316070
 435  -2.691697784366 -0.071995398332 -5.509434228950
 436  -2.682299215032 -0.178021927470 -5.517321986318
 437  -2.685919482768  0.418216797100 -5.514219720768
 438  -2.653950633381 -0.370283401963 -5.541098871528
 439  -2.663564410532 -0.316717581972 -5.533036821094
 440  -2.699018820733  0.091966908638 -5.503280673032
 441  -2.699018738018  0.102202224421 -5.503279563771
 442  -2.658545616557  0.617388173324 -5.537134768804
 443  -2.675999122295  0.501216674183 -5.522522948054
 444  -2.692142134604  0.334220373369 -5.509015110066
 445  -2.697213412081  0.221641331821 -5.504778586872
 446  -2.648597620402  0.672872083952 -5.545464321860
 447  -2.646976420878 -0.403189154157 -5.546946714895
 448  -2.644606548981  0.692897043166 -5.543223825336
 449  -2.377364352252  1.399352227729 -5.529186945982
 450  -2.356185339459  1.438549027976 -5.533209105468
 451  -2.452098191964  1.245904987678 -5.519622379754
 452  -2.499274684674  1.140943180701 -5.516060721319
 453  -2.586946638643  0.900534645777 -5.523310227493
 454  -2.605225771017  0.842172548758 -5.527341060952
 455  -2.244341988513  1.619224001012 -5.562497865457
 456  -2.295597672487  1.539472584818 -5.548143114190
 457  -2.563905467329  0.970604380051 -5.519298634562
 458  -2.533390496408  1.054896254380 -5.516587113151
 459  -2.647551307192  0.678349952858 -5.545446594554
 460  -1.910056605060  2.007441616901 -5.525131840713
 461  -2.081540493934  1.826037390858 -5.537640441401
 462  -1.827898420824  2.084579798450 -5.524967045110
 463  -1.717919938912  2.178885642548 -5.530085479346
 464  -1.572524425690  2.291607428692 -5.543981029023
 465  -1.620562091748  2.255101361510 -5.538950863926
 466  -2.191038591473  1.691850205481 -5.556573476619
 467  -2.147725306327  1.746776797649 -5.547982674415
 468  -2.029879215584  1.884159251303 -5.531801563558
 469  -2.027339775499  1.886845633896 -5.531616306959
 470  -2.231795557405  1.636998078229 -5.566546070776
 471  -1.313388300095  2.452302958684 -5.532312337018
 472  -1.440697498688  2.378851406837 -5.552851274286
 473  -1.321611995183  2.447872273164 -5.533389333330
 474  -0.727067074606  2.693588956177 -5.514863481408
 475  -0.593692057770  2.730613883880 -5.525100734575
 476  -0.794972675957  2.672472083869 -5.511453799674
 477  -0.915462251180  2.631050730632 -5.508547117668
 478  -0.590934628015  2.731301971588 -5.525373921455
 479  -0.939473949597  2.621983282723 -5.508614322380
 480  -1.086075256610  2.561433813709 -5.513151599942
 481  -1.185817828492  2.516562480820 -5.519161880677
 482  -1.178721970310  2.519867563263 -5.518644538574
 483  -0.423047337051  2.244843947827 -5.962224211551
 484  -0.492964583542  2.752612786111 -5.537574743514
 485  -0.418835107469  2.254349250458 -5.955917621933
 486  -1.473300051530  2.357943143653 -5.559779765018
 487  -1.466956796981  2.349642791609 -5.568268699421
 488   0.339548671013  1.774333073094 -6.155621359484
 489   1.389455884618  1.037120993797 -6.154373980209
 490   1.175485669388  1.905865524043 -5.973235676254
 491   1.433579680727  0.969684461713 -6.154266072911
 492   2.139059952034  0.494797735753 -5.950219100569
 493   2.139569228122  0.473376100796 -5.951322097701
 494   2.141194722519  0.490836966010 -5.949751356274
 495   0.967178962045 -1.277693036225 -6.150901160205
 496   1.808165501931 -1.051441065097 -5.963783016798
 497   1.780061878732 -1.089832722561 -5.964433456825
 498   1.800646898939 -1.074507757868 -5.961631800329
 499   1.657080373017 -0.239122318138 -6.152399551742
 500   1.664673279609 -0.240942215263 -6.150008227801
 501   0.920742568343 -1.308727775748 -6.150859467006
 502  -0.293327752385 -1.563248576286 -6.150616990757
 503   0.457548727020 -1.997954668674 -5.950473706424
 504   0.442359643538 -2.001664507381 -5.950292894840
 505   0.449163991261 -2.002354959713 -5.949578172334
 506  -0.384837717527 -1.548815888655 -6.150649880519
 507  -1.385867716659 -0.903168124652 -6.151752061840
 508  -1.189152889869 -1.716886513792 -5.967920210239
 509  -1.235964708430 -1.701379243183 -5.964045810721
 510  -1.232306117191 -1.706585253718 -5.963280877485
 511  -1.439820792070 -0.819003983249 -6.151886602345
 512  -1.700435686264  0.409210397473 -6.153787092518
 513  -2.160694727650 -0.332499427860 -5.941903815343
 514  -2.172553988386 -0.243055880874 -5.944471436304
 515  -2.180456588921 -0.296062408131 -5.937855541051
 516  -1.686801289735  0.477797468573 -6.153889856890
 517  -0.958360396924  1.536823021677 -6.155414781246
 518  -1.819290084218  1.333959353384 -5.971028880673
 519  -1.794625892331  1.366744098910 -5.971615440181
 520  -1.814393340722  1.352572907153 -5.969038024533
 521   0.302697823440  1.781705244576 -6.155636978732
 522  -0.912031234541  1.565797691310 -6.155453351749
 523  -0.422902735570  2.244128500558 -5.962642431873
# facets:  num_of_sides   plane_coeff
#          vertex_inds
   0   7    0.165753048034  0.618865552248  0.767809452474  2.367131897270
    246 248 280 279 250 251 247 (246)
   1   5    0.529781561097  0.367002375575  0.764618044415  2.393956599856
    250 257 258 249 251 (250)
   2   9    0.625566778417 -0.132962894951  0.768756836917  2.464242846772
    252 253 254 258 257 261 262 256 255 (252)
   3   6    0.339764649294 -0.541707517775  0.768838701079  2.497239799594
    261 267 268 260 259 262 (261)
   4   8   -0.134782338194 -0.625129394799  0.768795786324  2.494996195413
    263 264 268 267 271 272 266 265 (263)
   5   6   -0.533199579112 -0.353315400520  0.768678370055  2.451724665860
    271 275 276 270 269 272 (271)
   6   6   -0.627444142721  0.124392050711  0.768661476520  2.397684695474
    275 281 282 274 273 276 (275)
   7   6   -0.356839358445  0.530313141112  0.769047231728  2.362989522932
    279 280 278 277 282 281 (279)
   8  10    0.103887108940  0.517494976368 -0.849356472884 -6.181800027806
    488 521 523 483 485 293 283 303 304 490 (488)
   9   7    0.438740246669  0.285704930478 -0.851985732659 -6.149359623565
    489 490 304 317 329 492 491 (489)
  10   4    0.513744971117 -0.104698548599 -0.851530574068 -6.117363862930
    355 496 500 493 (355)
  11   6    0.296671556376 -0.445036297414 -0.844943004954 -6.052715175519
    495 497 368 380 503 501 (495)
  12   6   -0.082573314474 -0.525482984595 -0.846787624282 -6.053947921746
    502 504 392 406 508 506 (502)
  13   6   -0.439338208858 -0.282998836975 -0.852580551331 -6.109324333756
    507 509 422 434 513 511 (507)
  14   6   -0.517057795741  0.101512288949 -0.849909695824 -6.150926727817
    512 514 446 459 518 516 (512)
  15   6   -0.277419177770  0.442445248880 -0.852807599374 -6.195212100375
    483 523 522 517 519 487 (483)
  16  13    0.008939574041  0.655632754493  0.755027002995  2.284752242862
    67 68 71 72 66 64 65 70 69 244 248 246 83 (67)
  17  14    0.276424039782  0.593822550683  0.755621948153  2.310659254839
    77 83 246 247 94 78 82 81 74 76 75 73 79 80 (77)
  18  15    0.486328273258  0.438850684281  0.755575864845  2.338645441183
    85 94 247 251 249 106 88 89 93 92 84 87 86 90 91 (85)
  19  16    0.612725379414  0.236764785117  0.753996051681  2.343621196454
    102 106 249 258 254 116 96 97 105 104 98 99 101 100 95 103 (102)
  20  12    0.652855489472 -0.018840211964  0.757248147096  2.387249171968
    108 110 111 107 112 113 114 115 109 116 254 253 (108)
  21  14    0.596011725622 -0.268446328678  0.756773804740  2.406868694741
    124 125 117 122 123 121 120 126 127 118 119 255 256 138 (124)
  22  14    0.448826230742 -0.474262698409  0.757383593363  2.426939273135
    138 256 262 259 132 133 130 129 134 135 131 128 137 136 (138)
  23  14    0.234684325823 -0.609181935705  0.757509495930  2.437725206351
    142 148 147 139 146 145 140 141 144 143 260 268 264 159 (142)
  24  13   -0.012935071465 -0.652741344853  0.757470409089  2.435773144203
    157 159 264 263 151 152 153 154 149 155 156 150 158 (157)
  25  14   -0.260706744164 -0.598547450499  0.757478014895  2.422673372061
    165 166 160 168 167 161 162 164 163 170 169 265 266 184 (165)
  26  17   -0.465048377134 -0.457567209866  0.757866911391  2.404291922893
    172 175 174 184 266 272 269 182 183 171 180 181 177 176 178 179 173 (172)
  27  19   -0.604489957235 -0.246108573106  0.757642700648  2.374136695039
    187 197 196 190 191 185 270 276 273 209 186 198 199 195 194 188 189 193 192 (187)
  28  13   -0.653991803343  0.002459782455  0.756497634253  2.339569583044
    201 203 209 273 274 221 205 206 202 207 208 204 200 (201)
  29  16   -0.598902983739  0.272604138896  0.752995484399  2.301022353699
    211 212 218 217 220 219 213 214 210 221 274 282 277 232 215 216 (211)
  30  14   -0.477198723440  0.452114212721  0.753574227932  2.284878616732
    232 277 278 245 226 227 224 223 222 231 230 225 229 228 (232)
  31  16   -0.233155833352  0.613734653054  0.754299763366  2.282068130671
    245 278 280 248 244 238 239 233 242 243 234 240 241 235 237 236 (245)
  32  12    0.002620051773  0.643239587983 -0.765660478136 -6.009200047518
    288 289 290 284 286 285 291 292 287 293 485 484 (288)
  33  13    0.261880212280  0.591596059864 -0.762517446600 -5.992800029295
    299 300 298 297 296 295 294 301 302 316 317 304 303 (299)
  34  15    0.463419824495  0.438815705397 -0.769858976022 -5.983426595099
    306 307 308 315 314 310 309 328 329 317 316 311 305 313 312 (306)
  35  15    0.607762526305  0.238104919452 -0.757582179669 -5.925634211100
    318 323 324 322 319 320 321 325 342 494 492 329 328 326 327 (318)
  36  17    0.652380063724  0.007442631637 -0.757855434558 -5.909577267878
    332 339 338 333 337 336 330 331 340 341 334 354 355 493 494 342 335 (332)
  37  16    0.599915960975 -0.265915584987 -0.754579181683 -5.864488419146
    345 352 353 348 343 344 351 350 369 498 496 355 354 349 347 346 (345)
  38  16    0.450830393276 -0.466439747799 -0.761042652006 -5.850035552793
    356 366 367 359 358 365 364 360 361 357 363 362 368 497 498 369 (356)
  39  14    0.240484869447 -0.611634543829 -0.753704326883 -5.816949417784
    370 375 377 376 378 379 372 393 505 503 380 373 374 371 (370)
  40  15    0.015148201553 -0.643186112289 -0.765560028311 -5.849450162684
    388 389 383 382 387 386 381 385 384 390 391 392 504 505 393 (388)
  41  16   -0.225989681208 -0.601669063565 -0.766109001341 -5.873811175841
    398 403 402 396 401 423 510 508 406 397 404 405 395 394 400 399 (398)
  42  19   -0.460468404022 -0.437118924793 -0.772590379493 -5.920592178382
    411 412 409 410 417 416 413 414 419 418 407 421 420 408 422 509 510 423 415 (411)
  43  14   -0.591894830931 -0.235370399965 -0.770883443808 -5.937679839787
    425 429 433 432 447 515 513 434 426 431 430 424 427 428 (425)
  44  15   -0.642271208771  0.000088258045 -0.766477453416 -5.951650753004
    435 440 441 445 444 437 443 442 446 514 515 447 438 439 436 (435)
  45  15   -0.585823064510  0.237007741730 -0.775008817658 -6.009540819289
    453 457 458 452 451 449 450 456 455 470 520 518 459 448 454 (453)
  46  15   -0.432125384921  0.461901969584 -0.774541297932 -6.032067969502
    466 467 461 468 469 460 462 463 465 464 486 487 519 520 470 (466)
  47  17   -0.226800788432  0.606245451005 -0.762251832075 -6.001590229672
    471 481 482 480 479 477 476 474 475 478 484 485 483 487 486 472 473 (471)
  48   3    0.170495024820  0.241195494222 -0.955382740099 -6.366826903006
    488 490 489 (488)
  49   6    0.312161692816  0.056252345347 -0.948362141368 -6.338528636598
    493 500 499 491 492 494 (493)
  50   6    0.257975743932 -0.172739490292 -0.950583812210 -6.317163829473
    496 498 497 495 499 500 (496)
  51   5    0.066836360039 -0.319711467481 -0.945154737880 -6.293468326796
    501 503 505 504 502 (501)
  52   5   -0.163290630583 -0.254797316103 -0.953107810098 -6.319706963437
    506 508 510 509 507 (506)
  53   5   -0.322127151118 -0.069813074311 -0.944118760097 -6.329094107079
    511 513 515 514 512 (511)
  54   5   -0.243823402437  0.166335882271 -0.955448859277 -6.370483537060
    516 518 520 519 517 (516)
  55   3   -0.055173220017  0.309605672726 -0.949263000021 -6.378243662707
    522 523 521 (522)
  56  15    0.000119361004 -0.001522031277 -0.999998834586 -6.152954124075
    488 489 491 499 495 501 502 506 507 511 512 516 517 522 521 (488)
  57   8    0.000000000000  0.000000000000  1.000000000000  3.178207914269
    250 279 281 275 271 267 261 257 (250)
  58   8    0.521465327220 -0.850954074002  0.062857588623 -2.179622395391
    132 259 260 143 373 380 368 362 (132)
  59   6   -0.824730967373 -0.560486586651  0.075323420271 -2.201251223127
    185 408 420 182 269 270 (185)
  60   5   -0.573451342021 -0.815938727107  0.073468033469 -2.188939282719
    174 411 415 165 184 (174)
  61   5   -0.973949023787 -0.217703399809  0.063470692258 -2.313727202816
    186 438 447 432 198 (186)
  62   6   -0.547996366156  0.834244737779  0.061120374409 -2.434648913202
    226 245 236 472 486 464 (226)
  63   6    0.797555241123 -0.598821413544  0.072928403503 -2.164091500164
    48 124 138 136 366 356 (48)
  64   6    0.186964041394 -0.980099828053  0.066699132494 -2.167766330604
    142 159 157 388 393 372 (142)
  65   6   -0.202310141364 -0.976918721145  0.068559601648 -2.182468186971
    151 263 265 169 404 397 (151)
  66   6    0.979975980637 -0.186940416235  0.068559158048 -2.247853959035
    25 60 59 35 110 108 (25)
  67   7   -0.979534924405  0.186856280259  0.074806833900 -2.305285616153
    210 448 459 446 442 205 221 (210)
  68   6   -0.806847520754  0.586209037443  0.073184989401 -2.352954164868
    215 232 228 466 470 455 (215)
  69   6    0.985475000677  0.156083906436  0.066909171209 -2.291111788061
    34 96 116 109 332 335 (34)
  70   6    0.232930562162  0.970225617021  0.066374733804 -2.415634035357
    77 299 303 283 67 83 (77)
  71   5    0.598853188523  0.797597561422  0.072201029144 -2.345685065124
    85 305 311 78 94 (85)
  72   6    0.859670251569  0.508407569525  0.049887892482 -2.422342820241
    88 106 102 326 328 309 (88)
  73   5   -0.171258859657  0.981269020545  0.088212880616 -2.297619650121
    238 244 69 289 288 (238)
  74   4    0.000000000000 -0.997733791824  0.067285070053 -2.172601572426
    149 381 386 155 (149)
  75   4   -0.916211399414 -0.396480076994  0.057967405765 -2.319723004461
    187 192 427 424 (187)
  76   4    0.382271352570 -0.922884683880  0.046394754706 -2.268411727210
    140 145 375 370 (140)
  77   4    0.659686131065 -0.748267036084  0.070076038636 -2.154847317028
    129 360 364 134 (129)
  78   4   -0.705249071925 -0.705249071925  0.072439582396 -2.201004316622
    176 413 416 178 (176)
  79   4   -0.996671723997 -0.047001845366  0.066605563704 -2.319164015294
    200 204 440 435 (200)
  80   5   -0.683331788969  0.727674446307  0.059561450426 -2.436881497814
    222 223 14 462 460 (222)
  81   3    0.926595445633 -0.366865089750  0.082649174559 -2.146288605969
    55 126 120 (55)
  82   5   -0.410016829860 -0.908086618111  0.085234343074 -2.108940830709
    47 398 399 161 167 (47)
  83   4    0.997247079880 -0.015666008998  0.072476463996 -2.242187173867
    107 330 336 112 (107)
  84   5   -0.396335861389  0.915878136814  0.063914970730 -2.424322926914
    23 33 50 240 234 (23)
  85   4   -0.897265049127  0.439565611912  0.041200782027 -2.520426234429
    11 449 451 13 (11)
  86   5    0.949773332844  0.308600062798  0.051928965511 -2.389224077217
    52 319 322 98 104 (52)
  87   6    0.046946514418  0.995498434079  0.082334030203 -2.328043345860
    4 64 66 20 291 285 (4)
  88   5    0.769363263482  0.636472644141  0.054614485853 -2.413818646916
    2 84 92 63 7 (2)
  89   5    0.467696531389  0.883325035415  0.031572715046 -2.590544934580
    3 294 295 8 10 (3)
  90   4    0.849087939343 -0.520321758429  0.091186287165 -2.071339500857
    12 31 122 117 (12)
  91   4   -0.949054306195  0.308366436877  0.064854178742 -2.374637758563
    213 219 457 453 (213)
  92   6    0.365395395988  0.922883422918  0.121541730664 -2.087584591944
    1 296 297 44 79 73 (1)
  93   5    0.682484936964  0.726772640517  0.077561845084 -2.300570919209
    17 306 312 90 86 (17)
  94   6   -0.293450056394  0.953874315952  0.063331301661 -2.433439714316
    16 474 476 56 242 233 (16)
  95   4   -0.994175366115  0.078243298196  0.074116986570 -2.294300297714
    202 437 444 207 (202)
  96   4    0.908593349267  0.410245627750  0.078464326801 -2.249161136791
    95 100 323 318 (95)
  97   4   -0.047093530900  0.998615911041 -0.023419256241 -2.918465831592
    0 5 286 284 (0)
  98   5   -0.308448574467 -0.949307099702  0.060625962794 -2.238062863129
    26 394 395 39 40 (26)
  99   5   -0.109375774062 -0.990713367678  0.080771053927 -2.105105442099
    54 390 384 153 152 (54)
 100   4   -0.768626528276 -0.635863163773  0.069937807986 -2.222375542948
    171 407 418 180 (171)
 101   3   -0.873983763472 -0.480476639910  0.072763862522 -2.225353688174
    51 190 196 (51)
 102   5    0.737258234520 -0.670853376620  0.080037758022 -2.113384178372
    24 358 359 128 131 (24)
 103   5    0.586591861115 -0.807374432334  0.063690772386 -2.179287763865
    133 363 357 19 130 (133)
 104   4   -0.949064421298 -0.308369723474  0.064690322853 -2.293972698488
    188 194 429 425 (188)
 105   4   -0.749021717124  0.660351471900  0.053873934665 -2.466611034489
    225 230 468 461 (225)
 106   5    0.109382922720 -0.990778119399  0.079963081094 -2.096220831951
    49 158 150 382 383 (49)
 107   4    0.953493563438 -0.293332921625  0.069324033160 -2.230969164986
    118 345 346 119 (118)
 108   4   -0.480722350319 -0.874430709048  0.065398447817 -2.227460536114
    160 396 402 168 (160)
 109   4    0.140508589977  0.987264811505  0.074602467167 -2.371667830392
    68 287 292 71 (68)
 110   5   -0.611727024730  0.788633728255  0.062023301056 -2.426246604129
    15 224 227 465 463 (15)
 111   5    0.993692420688 -0.109704664576  0.023243485905 -2.510223999578
    35 59 340 331 36 (35)
 112   5    0.278408509563 -0.958288375450  0.064591727649 -2.176619179421
    37 139 147 378 376 (37)
 113   4    0.453410770919 -0.889868742313  0.050520236239 -2.244638715076
    141 371 374 144 (141)
 114   4   -0.648122197141 -0.758853593311  0.063865808470 -2.246488065697
    172 173 410 409 (172)
 115   4   -0.480457751102  0.873949404858  0.073299298454 -2.368701687130
    235 471 473 237 (235)
 116   5    0.994989029300  0.062599403700  0.077962466793 -2.219253994140
    41 333 338 114 113 (41)
 117   4   -0.850448102930  0.521155267747  0.071660387394 -2.357008847906
    216 456 450 211 (216)
 118   4    0.806163541023  0.585712097081  0.083914745185 -2.240357166797
    22 62 93 89 (22)
 119   4   -0.988047171607 -0.140619936309  0.063157107219 -2.326813488665
    201 436 439 203 (201)
 120   5    0.969786273770  0.232825085180  0.072849591059 -2.264507749826
    53 105 97 321 320 (53)
 121   5    0.534749535753  0.842630436582  0.063378871544 -2.404281113644
    81 301 294 3 74 (81)
 122   5   -0.926531617631  0.366839818456  0.083472804703 -2.273759346453
    28 452 458 220 217 (28)
 123   5   -0.093801146339  0.992312477372  0.080729747904 -2.339673335099
    0 284 290 70 65 (0)
 124   5    0.728394436704  0.662787941179  0.173648177667 -1.729819430322
    2 6 18 87 84 (2)
 125   4    0.293552994707  0.954208922168  0.057549736340 -2.461356653597
    45 298 300 46 (45)
 126   5    0.423113137384  0.899161186425 -0.111733763030 -3.364942669693
    1 9 8 295 296 (1)
 127   5    0.902875779557 -0.424861092231  0.065638243403 -2.236001568924
    32 343 348 121 123 (32)
 128   5   -0.015528575619  0.988498518782  0.150431185949 -1.934213123168
    4 5 0 65 64 (4)
 129   4    0.405262530830  0.897557012951  0.173648177667 -1.775986143188
    1 73 75 9 (1)
 130   5   -0.232445449748  0.968204978393  0.092456653118 -2.270962651764
    239 478 475 16 233 (239)
 131   3   -0.998758081510  0.015689745709  0.047287699219 -2.437032874924
    21 445 441 (21)
 132   4    0.825351590808 -0.560908361901  0.064626318936 -2.215196322564
    48 356 369 350 (48)
 133   4   -0.966590991784  0.248178385014  0.064104163776 -2.372871208263
    210 214 454 448 (210)
 134   5    0.995564119577 -0.062635585313  0.070205891943 -2.249816564332
    36 331 330 107 111 (36)
 135   3    0.624370302619 -0.779341531907  0.052806267169 -2.244688483291
    19 357 361 (19)
 136   3    0.926461681824  0.366812128912  0.084365954008 -2.210806658673
    30 101 99 (30)
 137   6   -0.352321896417  0.932392844168  0.080702326177 -2.331157704068
    57 477 479 23 234 243 (57)
 138   4   -0.367401776522 -0.927950961684  0.062633436101 -2.231860395754
    26 27 400 394 (26)
 139   4    0.889115187058  0.453026815338  0.065122106288 -2.329188080804
    95 318 327 103 (95)
 140   4   -0.047016018426 -0.996972263009  0.061933842138 -2.206357194642
    154 385 381 149 (154)
 141   4   -0.738235600091 -0.669097746211  0.085535985255 -2.129839887302
    181 419 414 177 (181)
 142   4    0.705606138564 -0.705606138563  0.065114932565 -2.191368011651
    24 42 365 358 (24)
 143   5    0.750097910646  0.661300264119  0.005923269417 -2.688366240035
    2 7 308 307 6 (2)
 144   4    0.062545557066 -0.994133161559  0.088245738593 -2.051623222716
    156 387 382 150 (156)
 145   4   -0.717359803002  0.695170011493  0.046190563511 -2.510502088626
    222 460 469 231 (222)
 146   5   -0.263194029746 -0.962075338573  0.071693414028 -2.171401563517
    39 395 405 170 163 (39)
 147   4   -0.992489635091 -0.093817892673  0.078501765918 -2.245736292153
    200 435 436 201 (200)
 148   4    0.636070925029  0.768877668493  0.065122263662 -2.380109817261
    91 313 305 85 (91)
 149   4   -0.659053207879  0.747549125651  0.082578289653 -2.307205587623
    14 223 224 15 (14)
 150   4    0.768728423134 -0.635947458530  0.068025300106 -2.186016384434
    128 359 367 137 (128)
 151   4   -0.989861916402  0.125048640646  0.067351495382 -2.339595904426
    202 206 443 437 (202)
 152   4    0.337851677595 -0.938419135293  0.072289490671 -2.128603849124
    37 38 146 139 (37)
 153   3   -0.961386118527 -0.263005480478  0.081023751717 -2.208392743013
    58 195 199 (58)
 154   4   -0.797899214331 -0.599079675934  0.066786118713 -2.244409921358
    183 421 407 171 (183)
 155   6    0.970442513767 -0.232982634463  0.062931864043 -2.274876373237
    25 108 253 252 347 349 (25)
 156   6   -0.850828180356 -0.521388179494  0.065159602481 -2.263491597357
    185 191 426 434 422 408 (185)
 157   3   -0.932366151142 -0.352311809963  0.081053986731 -2.195777976784
    43 193 189 (43)
 158   4   -0.453419583343  0.889886037670  0.050135031671 -2.500423484639
    235 241 481 471 (235)
 159   3    0.987452348645 -0.156397087587 -0.021858868906 -2.755364017776
    61 334 341 (61)
 160   4    0.411063997642 -0.910405837665  0.046771792653 -2.264600975271
    140 370 371 141 (140)
 161   4   -0.520756964810 -0.849798131609  0.081580139229 -2.140204782059
    166 401 396 160 (166)
 162   4    0.493068142986  0.864440477181  0.098114564582 -2.211018802012
    3 10 76 74 (3)
 163   4    0.015699276643  0.999364789710  0.031992964850 -2.612545710977
    4 285 286 5 (4)
 164   5   -0.897976560372  0.422555694676  0.122820120176 -2.052895856074
    11 13 29 218 212 (11)
 165   4    0.825594297707  0.561073305340  0.059923297874 -2.373264349007
    22 310 314 62 (22)
 166   4    0.989285970602  0.124975881772  0.075460568152 -2.239437868503
    115 339 332 109 (115)
 167   4    0.960254141291  0.278979617333  0.009075089267 -2.625736003793
    52 53 320 319 (52)
 168   7   -0.171562752830 -0.983010249915  0.065246229030 -2.198376026733
    54 152 151 397 406 392 391 (54)
 169   5    0.717168549942  0.694984674385  0.051629190802 -2.440704068706
    17 18 6 307 306 (17)
 170   3   -0.439395095467 -0.896916981756  0.049717983832 -2.311871777523
    47 403 398 (47)
 171   3    0.062111276479  0.987230469310  0.146690796577 -1.955802452958
    20 66 72 (20)
 172   4    0.780421589366  0.625235591808  0.004753692170 -2.689564789539
    7 63 315 308 (7)
 173   5    0.433255505328  0.884384519028  0.173648177667 -1.773651406307
    8 9 75 76 10 (8)
 174   4   -0.769706393815  0.636756506239  0.045751711252 -2.511559689938
    225 461 467 229 (225)
 175   4    0.217577990167 -0.973387973302  0.071942140824 -2.137377661686
    142 372 379 148 (142)
 176   5   -0.873479180965  0.480199243329  0.080267098662 -2.304734354053
    11 212 211 450 449 (11)
 177   5    0.874479033332 -0.480748916819  0.064551523919 -2.232549978784
    12 344 343 32 31 (12)
 178   4   -0.623579156864 -0.778354020583  0.072897556658 -2.194700854846
    172 409 412 175 (172)
 179   5    0.842083395878 -0.534402373165  0.072867399721 -2.171696979935
    12 117 125 351 344 (12)
 180   4   -0.508059951771  0.859082462046  0.062067775949 -2.430937096357
    236 237 473 472 (236)
 181   5    0.186961103025  0.980084424584  0.066933299964 -2.414503332713
    67 283 293 287 68 (67)
 182   4   -0.671692776310 -0.738180722734  0.062594207687 -2.254372875794
    173 179 417 410 (173)
 183   5   -0.979634158934 -0.186875210259  0.073447739526 -2.262116298578
    203 439 438 186 209 (203)
 184   3    0.140605607845 -0.987946494570  0.064744010606 -2.180634333133
    49 383 389 (49)
 185   3    0.997349784080  0.031342979653  0.065658402526 -2.285521682148
    41 337 333 (41)
 186   4    0.323564127070  0.945053479884  0.046692353038 -2.520199052501
    44 297 298 45 (44)
 187   4    0.480945291162 -0.874836236935  0.057906696112 -2.204611869122
    144 374 373 143 (144)
 188   4   -0.902788612278 -0.424820074423  0.067086704410 -2.265217641884
    187 424 430 197 (187)
 189   5    0.977020216590  0.202331160061  0.067034304972 -2.294510801755
    34 325 321 97 96 (34)
 190   4    0.944190774205 -0.323268756897  0.063254191330 -2.261734561422
    127 352 345 118 (127)
 191   5   -0.910019628317  0.410889617434  0.055081742558 -2.439356490053
    13 451 452 28 29 (13)
 192   5    0.961748639906 -0.263104655104  0.076259386976 -2.195463547476
    119 346 347 252 255 (119)
 193   5    0.916011742527 -0.396393677744  0.061599836013 -2.261733211970
    121 348 353 55 120 (121)
 194   4   -0.648440686596  0.759226496550  0.055675873609 -2.460344557289
    14 15 463 462 (14)
 195   3   -0.263535123714  0.963322168123  0.050592874717 -2.507388867553
    16 475 474 (16)
 196   4    0.702294659978  0.702294659978  0.116466394864 -2.072676092346
    17 86 87 18 (17)
 197   4   -0.323431062482  0.944664830025  0.054778706960 -2.479798931465
    56 476 477 57 (56)
 198   4   -0.078288541426 -0.994750235859  0.065900474499 -2.186184843024
    153 384 385 154 (153)
 199   5    0.635687860601 -0.768414623142  0.073755751134 -2.129014562707
    19 361 360 129 130 (19)
 200   5   -0.202108284966  0.975943993462  0.081765290758 -2.333246732465
    238 288 484 478 239 (238)
 201   5   -0.997231385410 -0.000000000000  0.074361037874 -2.282316615289
    21 441 440 204 208 (21)
 202   4   -0.598967457607  0.797749753551  0.069522050007 -2.384591292415
    226 464 465 227 (226)
 203   4   -0.952974223351  0.293173151753  0.076743942557 -2.305425441357
    213 453 454 214 (213)
 204   4   -0.124911381317  0.988775396928  0.081977809481 -2.333152702627
    70 290 289 69 (70)
 205   4   -0.985674130447  0.156115445493  0.063831624178 -2.363399162991
    205 442 443 206 (205)
 206   4   -0.834000314248  0.547835809904  0.065722151679 -2.393271487281
    215 455 456 216 (215)
 207   5    0.093639215245  0.990599425338  0.099721993002 -2.229273290845
    20 72 71 292 291 (20)
 208   5    0.939114522539  0.338102032408  0.061244830288 -2.339158971917
    98 322 324 30 99 (98)
 209   5   -0.997323265277  0.047032571272  0.055984299371 -2.392236876645
    21 208 207 444 445 (21)
 210   5    0.263395302624  0.962811068300  0.060147828847 -2.448533005609
    77 80 46 300 299 (77)
 211   5    0.833736753544  0.547662682882  0.070346368560 -2.312509619057
    88 309 310 22 89 (88)
 212   4   -0.382441316153  0.923295012267  0.035566276485 -2.584236840919
    23 479 480 33 (23)
 213   4    0.693672568924 -0.715814562140  0.080174059086 -2.104280538857
    24 131 135 42 (24)
 214   4   -0.788485661566  0.611612172432  0.064968546526 -2.401356190478
    228 229 467 466 (228)
 215   5   -0.381197427704 -0.920291999904  0.088040649839 -2.089411650030
    161 399 400 27 162 (161)
 216   5   -0.944419578005 -0.323347093948  0.059315407081 -2.321933224910
    43 189 188 425 428 (43)
 217   5    0.367732870462 -0.928787209519  0.046117842701 -2.271292810503
    38 377 375 145 146 (38)
 218   6    0.985063595240 -0.171921118957 -0.009635465145 -2.686686611230
    25 349 354 334 61 60 (25)
 219   5   -0.337626800804 -0.937794515980  0.080929532163 -2.126525873560
    26 40 164 162 27 (26)
 220   5    0.586672843468  0.807485894982  0.061493935817 -2.408457351164
    78 311 316 302 82 (78)
 221   4   -0.913091236855  0.395129862084  0.100681603420 -2.177887694284
    28 217 218 29 (28)
 222   5    0.922038694271  0.381920932200  0.063095545118 -2.332841876274
    30 324 323 100 101 (30)
 223   4   -0.727388735633  0.683063488786  0.065801957129 -2.399508298401
    230 231 469 468 (230)
 224   4    0.879411777533 -0.465624567995  0.099139735803 -2.039295462362
    31 32 123 122 (31)
 225   4   -0.411116107489  0.910521248184  0.043984119497 -2.536251826361
    33 480 482 50 (33)
 226   4    0.983595678689  0.171664926507  0.055413841884 -2.357263270964
    34 335 342 325 (34)
 227   5   -0.866853596635 -0.494444562022  0.063948550312 -2.273147263319
    51 431 426 191 190 (51)
 228   4    0.993837664208 -0.093945318942  0.058830045482 -2.312533522924
    36 111 110 35 (36)
 229   4    0.874942634111  0.481003783505  0.055774073448 -2.385581778678
    102 103 327 326 (102)
 230   4    0.323460386095 -0.944750477289  0.053102865178 -2.237983161245
    37 376 377 38 (37)
 231   4   -0.939285588614  0.338163619984  0.058206091961 -2.415205742875
    219 220 458 457 (219)
 232   4   -0.293067968824 -0.952632320898  0.081257780123 -2.120334239564
    39 163 164 40 (39)
 233   4   -0.611501997033 -0.788343624296  0.067673020149 -2.223652596282
    175 412 411 174 (175)
 234   4   -0.727078007029 -0.682771695206  0.071974883956 -2.205493855828
    176 177 414 413 (176)
 235   5   -0.560572590105 -0.824857517614  0.073269685813 -2.189197377619
    165 415 423 401 166 (165)
 236   4    0.659985474854  0.748606574965  0.063303782680 -2.386261356664
    90 312 313 91 (90)
 237   4    0.573887389129 -0.816559159383  0.062324985564 -2.186159635364
    132 362 363 133 (132)
 238   5    0.996517451122  0.015654547074  0.081901799522 -2.191773680125
    112 336 337 41 113 (112)
 239   5    0.683048607174 -0.727372888324  0.066130791375 -2.181265073845
    42 135 134 364 365 (42)
 240   5   -0.927650156197 -0.367282679204  0.067591576881 -2.269487860873
    43 428 427 192 193 (43)
 241   4    0.031345406441 -0.997427005708  0.064473512230 -2.187702602233
    155 386 387 156 (155)
 242   4    0.778494212129 -0.623691471471  0.070396804589 -2.173986411080
    137 367 366 136 (137)
 243   5   -0.957945651407 -0.278308939024  0.069887505391 -2.268922686960
    194 195 58 433 429 (194)
 244   5    0.308001542873  0.947931277925  0.081002110583 -2.327290463023
    44 45 46 80 79 (44)
 245   4    0.994723952496  0.078286472881  0.066298465257 -2.287073749373
    114 338 339 115 (114)
 246   4   -0.682705262253 -0.727007263120  0.073307327491 -2.194496980611
    178 416 417 179 (178)
 247   4   -0.758641994134 -0.647941474372  0.068074742198 -2.231286788744
    180 418 419 181 (180)
 248   5   -0.453093865458 -0.889246780327  0.062818092636 -2.239403669623
    47 167 168 402 403 (47)
 249   4   -0.217661088948 -0.973759735880  0.066450185385 -2.195959741142
    169 170 405 404 (169)
 250   5    0.833526590768 -0.547524631741  0.073825470675 -2.164352864785
    48 350 351 125 124 (48)
 251   4    0.248044159802 -0.966068219094  0.072015906881 -2.136268808714
    147 148 379 378 (147)
 252   5    0.156023134390 -0.985091301077  0.072470063326 -2.136592185279
    157 158 49 389 388 (157)
 253   5   -0.425029570426  0.903233813944  0.059317296055 -2.449670210576
    50 482 481 241 240 (50)
 254   5   -0.881601181123 -0.466783797525  0.069944576711 -2.243175610657
    197 430 431 51 196 (197)
 255   4    0.965089356656  0.247792830645  0.084860159971 -2.198370336244
    52 104 105 53 (52)
 256   3   -0.125056794598 -0.989926461577  0.066380711016 -2.188307584373
    54 391 390 (54)
 257   5    0.933134819814 -0.352602265649  0.070221437681 -2.218423127989
    55 353 352 127 126 (55)
 258   4    0.548078938365  0.834370441955  0.058612651475 -2.429780372223
    82 302 301 81 (82)
 259   4   -0.308128679157  0.948322563171  0.075769606458 -2.361747771744
    56 57 243 242 (56)
 260   5   -0.966280840513 -0.248098751704  0.068908248128 -2.278920101617
    58 199 198 432 433 (58)
 261   5    0.989910155418 -0.140885078168 -0.015141959935 -2.719662011864
    59 60 61 341 340 (59)
 262   6    0.789365367846  0.612294542571  0.044695740106 -2.465842435514
    63 92 93 62 314 315 (63)
 263   4   -0.816208859330 -0.573641194128  0.068839511560 -2.236116734666
    182 420 421 183 (182)
# edges:  vertex1 vetrex2 facet ind_in_list
   0   65   128    2
   0  284   123    0
   0    5    97    0
   1   73   129    0
   1    9   126    0
   1  296    92    0
   2    7   143    0
   2    6   124    0
   2   84    88    0
   3   10   162    0
   3   74   121    3
   3  294    89    0
   4  285   163    0
   4    5   128    0
   4   64    87    0
   5    4   163    3
   5    0   128    1
   5  286    97    1
   6  307   169    2
   6    2   143    4
   6   18   124    1
   7   63   172    0
   7  308   143    1
   7    2    88    4
   8    9   173    0
   8  295   126    2
   8   10    89    3
   9   75   173    1
   9    1   129    3
   9    8   126    1
  10    8   173    4
  10   76   162    1
  10    3    89    4
  11  212   176    0
  11   13   164    0
  11  449    85    0
  12  117   179    0
  12  344   177    0
  12   31    90    0
  13  451   191    0
  13   29   164    1
  13   11    85    3
  14   15   194    0
  14  223   149    0
  14  462    80    2
  15  463   194    1
  15   14   149    3
  15  224   110    0
  16  475   195    0
  16  233   130    3
  16  474    94    0
  17   86   196    0
  17   18   169    0
  17  306    93    0
  18   17   196    3
  18    6   169    1
  18   87   124    2
  19  361   199    0
  19  357   135    0
  19  130   103    3
  20   72   207    0
  20   66   171    0
  20  291    87    3
  21  208   209    0
  21  441   201    0
  21  445   131    0
  22   89   211    3
  22  310   165    0
  22   62   118    0
  23  479   212    0
  23  234   137    3
  23   33    84    0
  24  131   213    0
  24   42   142    0
  24  358   102    0
  25  349   218    0
  25  108   155    0
  25   60    66    0
  26   40   219    0
  26   27   138    0
  26  394    98    0
  27   26   219    4
  27  162   215    3
  27  400   138    1
  28  217   221    0
  28   29   191    3
  28  452   122    0
  29   28   221    3
  29   13   191    4
  29  218   164    2
  30  324   222    0
  30   99   208    3
  30  101   136    0
  31   32   224    0
  31   12   177    4
  31  122    90    1
  32  123   224    1
  32   31   177    3
  32  343   127    0
  33  480   225    0
  33   23   212    3
  33   50    84    1
  34  335   226    0
  34  325   189    0
  34   96    69    0
  35   36   228    3
  35   59   111    0
  35  110    66    3
  36  111   228    0
  36  331   134    0
  36   35   111    4
  37  376   230    0
  37   38   152    0
  37  139   112    0
  38   37   230    3
  38  377   217    0
  38  146   152    1
  39  163   232    0
  39  395   146    0
  39   40    98    3
  40   39   232    3
  40  164   219    1
  40   26    98    4
  41  113   238    3
  41  337   185    0
  41  333   116    0
  42  135   239    0
  42   24   213    3
  42  365   142    1
  43  428   240    0
  43  189   216    0
  43  193   157    0
  44   45   244    0
  44  297   186    0
  44   79    92    3
  45   46   244    1
  45   44   186    3
  45  298   125    0
  46   80   244    2
  46  300   210    2
  46   45   125    3
  47  167   248    0
  47  403   170    0
  47  398    82    0
  48  350   250    0
  48  356   132    0
  48  124    63    0
  49  389   252    2
  49  383   184    0
  49  158   106    0
  50  482   253    0
  50   33   225    3
  50  240    84    2
  51  196   254    3
  51  431   227    0
  51  190   101    0
  52  104   255    0
  52   53   167    0
  52  319    86    0
  53   52   255    3
  53  320   167    1
  53  105   120    0
  54  391   256    0
  54  152   168    0
  54  390    99    0
  55  353   257    0
  55  120   193    3
  55  126    81    0
  56   57   259    0
  56  476   197    0
  56  242    94    3
  57  243   259    1
  57   56   197    3
  57  477   137    0
  58  199   260    0
  58  433   243    2
  58  195   153    0
  59   60   261    0
  59  340   111    1
  59   35    66    2
  60   61   261    1
  60   25   218    5
  60   59    66    1
  61  341   261    2
  61   60   218    4
  61  334   159    0
  62  314   262    3
  62   22   165    3
  62   93   118    1
  63   92   262    0
  63  315   172    1
  63    7    88    3
  64    4   128    4
  64   66    87    1
  64   65    16    5
  65   64   128    3
  65    0   123    4
  65   70    16    6
  66   72   171    1
  66   20    87    2
  66   64    16    4
  67  283   181    0
  67   83    70    4
  67   68    16    0
  68   67   181    4
  68  287   109    0
  68   71    16    1
  69   70   204    3
  69  289    73    2
  69  244    16    8
  70  290   204    0
  70   65   123    3
  70   69    16    7
  71  292   207    2
  71   68   109    3
  71   72    16    2
  72   71   207    1
  72   20   171    2
  72   66    16    3
  73   75   129    1
  73    1    92    5
  73   79    17   11
  74    3   162    3
  74   81   121    4
  74   76    17    8
  75   76   173    2
  75    9   129    2
  75   73    17   10
  76   10   173    3
  76   74   162    2
  76   75    17    9
  77   80   210    0
  77  299    70    0
  77   83    17    0
  78  311   220    0
  78   94    71    3
  78   82    17    5
  79   44   244    4
  79   73    92    4
  79   80    17   12
  80   79   244    3
  80   46   210    1
  80   77    17   13
  81   82   258    3
  81  301   121    0
  81   74    17    7
  82  302   258    0
  82   78   220    4
  82   81    17    6
  83   77    70    5
  83  246    17    1
  83   67    16   12
  84    2   124    4
  84   92    88    1
  84   87    18   10
  85   91   148    3
  85  305    71    0
  85   94    18    0
  86   87   196    1
  86   17    93    4
  86   90    18   12
  87   18   196    2
  87   84   124    3
  87   86    18   11
  88  309   211    0
  88  106    72    0
  88   89    18    6
  89   88   211    4
  89   22   118    3
  89   93    18    7
  90  312   236    0
  90   86    93    3
  90   91    18   13
  91   90   236    3
  91  313   148    0
  91   85    18   14
  92   93   262    1
  92   63    88    2
  92   84    18    9
  93   62   262    2
  93   89   118    2
  93   92    18    8
  94   85    71    4
  94  247    18    1
  94   78    17    4
  95  318   139    0
  95  100    96    0
  95  103    19   14
  96   34   189    4
  96  116    69    1
  96   97    19    6
  97   96   189    3
  97  321   120    2
  97  105    19    7
  98  322   208    0
  98  104    86    3
  98   99    19   10
  99   98   208    4
  99   30   136    2
  99  101    19   11
 100  101   222    3
 100  323    96    1
 100   95    19   13
 101   30   222    4
 101   99   136    1
 101  100    19   12
 102  103   229    0
 102  326    72    2
 102  106    19    0
 103  327   229    1
 103   95   139    3
 103  102    19   15
 104  105   255    1
 104   52    86    4
 104   98    19    9
 105   53   255    2
 105   97   120    1
 105  104    19    8
 106  102    72    1
 106  249    19    1
 106   88    18    5
 107  111   134    3
 107  330    83    0
 107  112    20    3
 108  253   155    1
 108   25    66    5
 108  110    20    0
 109  115   166    3
 109  332    69    3
 109  116    20    8
 110   35   228    2
 110  108    66    4
 110  111    20    1
 111  110   228    1
 111   36   134    4
 111  107    20    2
 112  336   238    0
 112  107    83    3
 112  113    20    4
 113  112   238    4
 113   41   116    4
 113  114    20    5
 114  338   245    0
 114  113   116    3
 114  115    20    6
 115  114   245    3
 115  339   166    0
 115  109    20    7
 116  109    69    2
 116  254    20    9
 116   96    19    5
 117  125   179    1
 117   12    90    3
 117  122    21    2
 118  127   190    3
 118  345   107    0
 118  119    21    9
 119  346   192    0
 119  118   107    3
 119  255    21   10
 120  121   193    4
 120   55    81    2
 120  126    21    6
 121  348   193    0
 121  123   127    3
 121  120    21    5
 122   31   224    3
 122  117    90    2
 122  123    21    3
 123  122   224    2
 123   32   127    4
 123  121    21    4
 124   48   250    4
 124  138    63    1
 124  125    21    0
 125  124   250    3
 125  351   179    2
 125  117    21    1
 126   55   257    4
 126  120    81    1
 126  127    21    7
 127  126   257    3
 127  352   190    0
 127  118    21    8
 128  359   150    0
 128  131   102    3
 128  137    22   11
 129  130   199    3
 129  360    77    0
 129  134    22    7
 130   19   199    4
 130  133   103    4
 130  129    22    6
 131  135   213    1
 131   24   102    4
 131  128    22   10
 132  362   237    0
 132  259    58    0
 132  133    22    4
 133  132   237    3
 133  363   103    0
 133  130    22    5
 134  364   239    2
 134  129    77    3
 134  135    22    8
 135  134   239    1
 135   42   213    2
 135  131    22    9
 136  137   242    3
 136  366    63    3
 136  138    22   13
 137  367   242    0
 137  128   150    3
 137  136    22   12
 138  136    63    2
 138  256    22    0
 138  124    21   13
 139   37   152    3
 139  147   112    1
 139  146    23    3
 140  370   160    0
 140  145    76    0
 140  141    23    6
 141  140   160    3
 141  371   113    0
 141  144    23    7
 142  372   175    0
 142  159    64    0
 142  148    23    0
 143  144   187    3
 143  373    58    3
 143  260    23    9
 144  374   187    0
 144  141   113    3
 144  143    23    8
 145  146   217    3
 145  375    76    1
 145  140    23    5
 146   38   217    4
 146  139   152    2
 146  145    23    4
 147  148   251    0
 147  378   112    2
 147  139    23    2
 148  379   251    1
 148  142   175    3
 148  147    23    1
 149  154   140    3
 149  381    74    0
 149  155    24    8
 150  156   144    3
 150  382   106    2
 150  158    24   11
 151  397   168    2
 151  263    65    0
 151  152    24    4
 152  151   168    1
 152   54    99    4
 152  153    24    5
 153  384   198    0
 153  152    99    3
 153  154    24    6
 154  153   198    3
 154  385   140    0
 154  149    24    7
 155  386   241    0
 155  149    74    3
 155  156    24    9
 156  155   241    3
 156  387   144    0
 156  150    24   10
 157  158   252    0
 157  388    64    2
 157  159    24    0
 158   49   252    1
 158  150   106    1
 158  157    24   12
 159  157    64    1
 159  264    24    1
 159  142    23   13
 160  166   161    3
 160  396   108    0
 160  168    25    2
 161  399   215    0
 161  167    82    3
 161  162    25    5
 162   27   219    3
 162  161   215    4
 162  164    25    6
 163  164   232    1
 163   39   146    4
 163  170    25    8
 164   40   232    2
 164  162   219    2
 164  163    25    7
 165  415   235    0
 165  184    60    3
 165  166    25    0
 166  165   235    4
 166  401   161    0
 166  160    25    1
 167  168   248    1
 167   47    82    4
 167  161    25    4
 168  402   248    2
 168  160   108    3
 168  167    25    3
 169  170   249    0
 169  404    65    3
 169  265    25   10
 170  405   249    1
 170  163   146    3
 170  169    25    9
 171  183   154    3
 171  407   100    0
 171  180    26    9
 172  409   178    0
 172  173   114    0
 172  175    26    0
 173  179   182    0
 173  410   114    1
 173  172    26   16
 174  175   233    3
 174  411    60    0
 174  184    26    2
 175  412   233    0
 175  172   178    3
 175  174    26    1
 176  177   234    0
 176  413    78    0
 176  178    26   13
 177  414   234    1
 177  181   141    3
 177  176    26   12
 178  416   246    0
 178  176    78    3
 178  179    26   14
 179  178   246    3
 179  417   182    1
 179  173    26   15
 180  418   247    0
 180  171   100    3
 180  181    26   10
 181  180   247    3
 181  419   141    0
 181  177    26   11
 182  420   263    0
 182  269    59    3
 182  183    26    7
 183  182   263    3
 183  421   154    0
 183  171    26    8
 184  174    60    4
 184  266    26    3
 184  165    25   13
 185  191   156    0
 185  408    59    0
 185  270    27    5
 186  209   183    3
 186  438    61    0
 186  198    27   10
 187  424   188    0
 187  192    75    0
 187  197    27    0
 188  425   216    2
 188  194   104    0
 188  189    27   15
 189  188   216    1
 189   43   157    2
 189  193    27   16
 190   51   227    4
 190  196   101    1
 190  191    27    3
 191  190   227    3
 191  426   156    1
 191  185    27    4
 192  193   240    3
 192  427    75    1
 192  187    27   18
 193   43   240    4
 193  189   157    1
 193  192    27   17
 194  195   243    0
 194  429   104    1
 194  188    27   14
 195   58   243    1
 195  199   153    1
 195  194    27   13
 196  197   254    4
 196   51   101    2
 196  190    27    2
 197  430   254    0
 197  187   188    3
 197  196    27    1
 198  432   260    2
 198  186    61    4
 198  199    27   11
 199  198   260    1
 199   58   153    2
 199  195    27   12
 200  435   147    0
 200  204    79    0
 200  201    28   12
 201  200   147    3
 201  436   119    0
 201  203    28    0
 202  206   151    0
 202  437    95    0
 202  207    28    8
 203  439   183    0
 203  201   119    3
 203  209    28    1
 204  208   201    3
 204  440    79    1
 204  200    28   11
 205  442   205    0
 205  221    67    5
 205  206    28    6
 206  205   205    3
 206  443   151    1
 206  202    28    7
 207  444   209    2
 207  202    95    3
 207  208    28    9
 208  207   209    1
 208   21   201    4
 208  204    28   10
 209  203   183    4
 209  273    28    2
 209  186    27    9
 210  214   133    0
 210  448    67    0
 210  221    29    8
 211  450   176    2
 211  216   117    3
 211  212    29    0
 212  211   176    1
 212   11   164    4
 212  218    29    1
 213  453   203    0
 213  219    91    0
 213  214    29    6
 214  213   203    3
 214  454   133    1
 214  210    29    7
 215  455   206    0
 215  232    68    0
 215  216    29   14
 216  215   206    3
 216  456   117    0
 216  211    29   15
 217  218   221    1
 217   28   122    4
 217  220    29    3
 218   29   221    2
 218  212   164    3
 218  217    29    2
 219  220   231    0
 219  457    91    1
 219  213    29    5
 220  458   231    1
 220  217   122    3
 220  219    29    4
 221  210    67    6
 221  274    29    9
 221  205    28    5
 222  460   145    0
 222  223    80    0
 222  231    30    8
 223  224   149    1
 223   14    80    1
 223  222    30    7
 224   15   149    2
 224  227   110    1
 224  223    30    6
 225  461   174    0
 225  230   105    0
 225  229    30   11
 226  464   202    0
 226  245    62    0
 226  227    30    4
 227  226   202    3
 227  465   110    2
 227  224    30    5
 228  229   214    0
 228  466    68    2
 228  232    30   13
 229  467   214    1
 229  225   174    3
 229  228    30   12
 230  231   223    0
 230  468   105    1
 230  225    30   10
 231  469   223    1
 231  222   145    3
 231  230    30    9
 232  228    68    1
 232  277    30    0
 232  215    29   13
 233  239   130    4
 233   16    94    5
 233  242    31    7
 234  243   137    4
 234   23    84    4
 234  240    31   10
 235  241   158    0
 235  471   115    0
 235  237    31   13
 236  237   180    0
 236  472    62    2
 236  245    31   15
 237  473   180    1
 237  235   115    3
 237  236    31   14
 238  288   200    0
 238  244    73    0
 238  239    31    5
 239  238   200    4
 239  478   130    0
 239  233    31    6
 240   50   253    4
 240  234    84    3
 240  241    31   11
 241  240   253    3
 241  481   158    1
 241  235    31   12
 242   56   259    3
 242  233    94    4
 242  243    31    8
 243  242   259    2
 243   57   137    5
 243  234    31    9
 244   69    73    1
 244  238    31    4
 244  248    16    9
 245  236    62    1
 245  278    31    0
 245  226    30    3
 246  247    17    2
 246   83    16   11
 246  248     0    0
 247  251    18    2
 247   94    17    3
 247  246     0    6
 248  244    31    3
 248  246    16   10
 248  280     0    1
 249  258    19    2
 249  106    18    4
 249  251     1    3
 250  279    57    0
 250  257     1    0
 250  251     0    4
 251  249    18    3
 251  250     1    4
 251  247     0    5
 252  255   192    3
 252  347   155    3
 252  253     2    0
 253  252   155    2
 253  108    20   11
 253  254     2    1
 254  253    20   10
 254  116    19    4
 254  258     2    2
 255  119   192    4
 255  256    21   11
 255  252     2    8
 256  262    22    1
 256  138    21   12
 256  255     2    7
 257  250    57    7
 257  261     2    4
 257  258     1    1
 258  254    19    3
 258  257     2    3
 258  249     1    2
 259  260    58    1
 259  132    22    3
 259  262     3    4
 260  143    58    2
 260  268    23   10
 260  259     3    3
 261  257    57    6
 261  267     3    0
 261  262     2    5
 262  259    22    2
 262  261     3    5
 262  256     2    6
 263  265    65    1
 263  151    24    3
 263  264     4    0
 264  263    24    2
 264  159    23   12
 264  268     4    1
 265  169    65    2
 265  266    25   11
 265  263     4    7
 266  272    26    4
 266  184    25   12
 266  265     4    6
 267  261    57    5
 267  271     4    3
 267  268     3    1
 268  264    23   11
 268  267     4    2
 268  260     3    2
 269  270    59    4
 269  182    26    6
 269  272     5    4
 270  185    59    5
 270  276    27    6
 270  269     5    3
 271  267    57    4
 271  275     5    0
 271  272     4    4
 272  269    26    5
 272  271     5    5
 272  266     4    5
 273  274    28    3
 273  209    27    8
 273  276     6    4
 274  282    29   10
 274  221    28    4
 274  273     6    3
 275  271    57    3
 275  281     6    0
 275  276     5    1
 276  273    27    7
 276  275     6    5
 276  270     5    2
 277  278    30    1
 277  232    29   12
 277  282     7    3
 278  280    31    1
 278  245    30    2
 278  277     7    2
 279  281    57    1
 279  280     7    0
 279  250     0    3
 280  248    31    2
 280  278     7    1
 280  279     0    2
 281  275    57    2
 281  279     7    5
 281  282     6    1
 282  277    29   11
 282  281     7    4
 282  274     6    2
 283  293   181    1
 283   67    70    3
 283  303     8    6
 284  290   123    1
 284    0    97    3
 284  286    32    3
 285  286   163    1
 285    4    87    5
 285  291    32    5
 286    5   163    2
 286  284    97    2
 286  285    32    4
 287   68   181    3
 287  292   109    1
 287  293    32    8
 288  484   200    1
 288  238    73    4
 288  289    32    0
 289   69   204    2
 289  288    73    3
 289  290    32    1
 290  289   204    1
 290   70   123    2
 290  284    32    2
 291   20   207    4
 291  285    87    4
 291  292    32    6
 292  291   207    3
 292   71   109    2
 292  287    32    7
 293  287   181    2
 293  485    32    9
 293  283     8    5
 294    3   121    2
 294  295    89    1
 294  301    33    6
 295  296   126    3
 295    8    89    2
 295  294    33    5
 296    1   126    4
 296  297    92    1
 296  295    33    4
 297  298   186    1
 297   44    92    2
 297  296    33    3
 298   45   186    2
 298  300   125    1
 298  297    33    2
 299   77   210    4
 299  303    70    1
 299  300    33    0
 300  299   210    3
 300   46   125    2
 300  298    33    1
 301   81   258    2
 301  294   121    1
 301  302    33    7
 302  301   258    1
 302   82   220    3
 302  316    33    8
 303  283    70    2
 303  299    33   12
 303  304     8    7
 304  303    33   11
 304  317     9    2
 304  490     8    8
 305   85   148    2
 305  311    71    1
 305  313    34   12
 306   17   169    4
 306  312    93    1
 306  307    34    0
 307  306   169    3
 307    6   143    3
 307  308    34    1
 308    7   172    3
 308  307   143    2
 308  315    34    2
 309  310   211    1
 309   88    72    5
 309  328    34    6
 310   22   211    2
 310  314   165    1
 310  309    34    5
 311  316   220    1
 311   78    71    2
 311  305    34   11
 312  313   236    1
 312   90    93    2
 312  306    34   14
 313   91   236    2
 313  305   148    1
 313  312    34   13
 314  315   262    4
 314   62   165    2
 314  310    34    4
 315   63   262    5
 315  308   172    2
 315  314    34    3
 316  302   220    2
 316  311    34   10
 316  317    33    9
 317  316    34    9
 317  304    33   10
 317  329     9    3
 318  327   139    1
 318   95    96    3
 318  323    35    0
 319   52   167    3
 319  322    86    1
 319  320    35    4
 320  319   167    2
 320   53   120    4
 320  321    35    5
 321   97   189    2
 321  320   120    3
 321  325    35    6
 322  324   208    1
 322   98    86    2
 322  319    35    3
 323  100   222    2
 323  318    96    2
 323  324    35    1
 324  323   222    1
 324   30   208    2
 324  322    35    2
 325   34   226    3
 325  321   189    1
 325  342    35    7
 326  102   229    3
 326  328    72    3
 326  327    35   13
 327  326   229    2
 327  103   139    2
 327  318    35   14
 328  309    72    4
 328  326    35   12
 328  329    34    7
 329  328    35   11
 329  317    34    8
 329  492     9    4
 330  107   134    2
 330  336    83    1
 330  331    36    6
 331  330   134    1
 331   36   111    3
 331  340    36    7
 332  109   166    2
 332  335    69    4
 332  339    36    0
 333   41   185    2
 333  338   116    1
 333  337    36    3
 334   61   218    3
 334  341   159    1
 334  354    36   10
 335  342   226    1
 335   34    69    5
 335  332    36   16
 336  337   238    1
 336  112    83    2
 336  330    36    5
 337   41   238    2
 337  333   185    1
 337  336    36    4
 338  339   245    1
 338  114   116    2
 338  333    36    2
 339  115   245    2
 339  332   166    1
 339  338    36    1
 340   59   261    4
 340  331   111    2
 340  341    36    8
 341  340   261    3
 341   61   159    2
 341  334    36    9
 342  325   226    2
 342  335    36   15
 342  494    35    8
 343   32   177    2
 343  348   127    1
 343  344    37    4
 344   12   179    4
 344  343   177    1
 344  351    37    5
 345  118   190    2
 345  346   107    1
 345  352    37    0
 346  347   192    1
 346  119   107    2
 346  345    37   15
 347  252   192    2
 347  349   155    4
 347  346    37   14
 348  353   193    1
 348  121   127    2
 348  343    37    3
 349  354   218    1
 349   25   155    5
 349  347    37   13
 350  351   250    1
 350   48   132    3
 350  369    37    7
 351  125   250    2
 351  344   179    3
 351  350    37    6
 352  127   257    2
 352  345   190    1
 352  353    37    1
 353  352   257    1
 353   55   193    2
 353  348    37    2
 354  334   218    2
 354  349    37   12
 354  355    36   11
 355  354    37   11
 355  493    36   12
 355  496    10    0
 356  369   132    1
 356   48    63    5
 356  366    38    0
 357  361   135    1
 357   19   103    2
 357  363    38    9
 358   24   142    3
 358  359   102    1
 358  365    38    4
 359  367   150    1
 359  128   102    2
 359  358    38    3
 360  129   199    2
 360  364    77    1
 360  361    38    7
 361  360   199    1
 361   19   135    2
 361  357    38    8
 362  363   237    1
 362  132    58    7
 362  368    38   11
 363  133   237    2
 363  357   103    1
 363  362    38   10
 364  365   239    3
 364  134    77    2
 364  360    38    6
 365   42   239    4
 365  358   142    2
 365  364    38    5
 366  136   242    2
 366  356    63    4
 366  367    38    1
 367  366   242    1
 367  137   150    2
 367  359    38    2
 368  362    58    6
 368  497    38   12
 368  380    11    2
 369  350   132    2
 369  356    38   15
 369  498    37    8
 370  371   160    1
 370  140    76    3
 370  375    39    0
 371  141   160    2
 371  374   113    1
 371  370    39   13
 372  379   175    1
 372  142    64    5
 372  393    39    6
 373  143   187    2
 373  380    58    4
 373  374    39   11
 374  373   187    1
 374  144   113    2
 374  371    39   12
 375  145   217    2
 375  370    76    2
 375  377    39    1
 376  377   230    1
 376   37   112    4
 376  378    39    3
 377   38   230    2
 377  375   217    1
 377  376    39    2
 378  147   251    3
 378  376   112    3
 378  379    39    4
 379  378   251    2
 379  148   175    2
 379  372    39    5
 380  368    58    5
 380  373    39   10
 380  503    11    3
 381  149   140    2
 381  386    74    1
 381  385    40    6
 382  150   144    2
 382  383   106    3
 382  387    40    3
 383  389   184    1
 383   49   106    4
 383  382    40    2
 384  385   198    1
 384  153    99    2
 384  390    40    8
 385  154   198    2
 385  381   140    1
 385  384    40    7
 386  387   241    1
 386  155    74    2
 386  381    40    5
 387  156   241    2
 387  382   144    1
 387  386    40    4
 388  157   252    4
 388  393    64    3
 388  389    40    0
 389  388   252    3
 389   49   184    2
 389  383    40    1
 390   54   256    2
 390  384    99    1
 390  391    40    9
 391  390   256    1
 391   54   168    6
 391  392    40   10
 392  391   168    5
 392  504    40   11
 392  406    12    2
 393  372    64    4
 393  388    40   14
 393  505    39    7
 394   26   138    3
 394  395    98    1
 394  400    41   13
 395  405   146    1
 395   39    98    2
 395  394    41   12
 396  160   161    2
 396  402   108    1
 396  401    41    3
 397  406   168    3
 397  151    65    5
 397  404    41    9
 398   47   170    2
 398  399    82    1
 398  403    41    0
 399  400   215    1
 399  161    82    2
 399  398    41   15
 400   27   215    2
 400  394   138    2
 400  399    41   14
 401  166   235    3
 401  396   161    1
 401  423    41    4
 402  403   248    3
 402  168   108    2
 402  396    41    2
 403   47   248    4
 403  398   170    1
 403  402    41    1
 404  169   249    3
 404  397    65    4
 404  405    41   10
 405  404   249    2
 405  170   146    2
 405  395    41   11
 406  392   168    4
 406  397    41    8
 406  508    12    3
 407  171   154    2
 407  418   100    1
 407  421    42   10
 408  185   156    5
 408  420    59    1
 408  422    42   13
 409  412   178    1
 409  172   114    3
 409  410    42    2
 410  173   182    3
 410  409   114    2
 410  417    42    3
 411  174   233    2
 411  415    60    1
 411  412    42    0
 412  411   233    1
 412  175   178    2
 412  409    42    1
 413  176   234    3
 413  416    78    1
 413  414    42    6
 414  413   234    2
 414  177   141    2
 414  419    42    7
 415  423   235    1
 415  165    60    2
 415  411    42   18
 416  417   246    1
 416  178    78    2
 416  413    42    5
 417  179   246    2
 417  410   182    2
 417  416    42    4
 418  419   247    1
 418  180   100    2
 418  407    42    9
 419  181   247    2
 419  414   141    1
 419  418    42    8
 420  421   263    1
 420  182    59    2
 420  408    42   12
 421  183   263    2
 421  407   154    1
 421  420    42   11
 422  408   156    4
 422  509    42   14
 422  434    13    2
 423  401   235    2
 423  415    42   17
 423  510    41    5
 424  430   188    1
 424  187    75    3
 424  427    43   11
 425  428   216    3
 425  188   104    3
 425  429    43    0
 426  191   227    2
 426  434   156    2
 426  431    43    8
 427  192   240    2
 427  424    75    2
 427  428    43   12
 428  427   240    1
 428   43   216    4
 428  425    43   13
 429  194   243    4
 429  425   104    2
 429  433    43    1
 430  431   254    1
 430  197   188    2
 430  424    43   10
 431   51   254    2
 431  426   227    1
 431  430    43    9
 432  433   260    3
 432  198    61    3
 432  447    43    3
 433   58   260    4
 433  429   243    3
 433  432    43    2
 434  422   156    3
 434  426    43    7
 434  513    13    3
 435  436   147    1
 435  200    79    3
 435  440    44    0
 436  201   147    2
 436  439   119    1
 436  435    44   14
 437  202   151    3
 437  444    95    1
 437  443    44    5
 438  186   183    2
 438  447    61    1
 438  439    44   12
 439  438   183    1
 439  203   119    2
 439  436    44   13
 440  204   201    2
 440  435    79    2
 440  441    44    1
 441  440   201    1
 441   21   131    2
 441  445    44    2
 442  443   205    1
 442  205    67    4
 442  446    44    7
 443  206   205    2
 443  437   151    2
 443  442    44    6
 444  445   209    3
 444  207    95    2
 444  437    44    4
 445   21   209    4
 445  441   131    1
 445  444    44    3
 446  442    67    3
 446  514    44    8
 446  459    14    2
 447  432    61    2
 447  438    44   11
 447  515    43    4
 448  210   133    3
 448  459    67    1
 448  454    45   13
 449   11   176    4
 449  451    85    1
 449  450    45    5
 450  449   176    3
 450  211   117    2
 450  456    45    6
 451  452   191    1
 451   13    85    2
 451  449    45    4
 452   28   191    2
 452  458   122    1
 452  451    45    3
 453  454   203    1
 453  213    91    3
 453  457    45    0
 454  214   203    2
 454  448   133    2
 454  453    45   14
 455  456   206    1
 455  215    68    5
 455  470    45    8
 456  216   206    2
 456  450   117    1
 456  455    45    7
 457  219   231    3
 457  453    91    2
 457  458    45    1
 458  457   231    2
 458  220   122    2
 458  452    45    2
 459  446    67    2
 459  448    45   12
 459  518    14    3
 460  469   145    1
 460  222    80    4
 460  462    46    5
 461  467   174    1
 461  225   105    3
 461  468    46    2
 462   14   194    3
 462  460    80    3
 462  463    46    6
 463  462   194    2
 463   15   110    4
 463  465    46    7
 464  465   202    1
 464  226    62    5
 464  486    46    9
 465  227   202    2
 465  463   110    3
 465  464    46    8
 466  228   214    3
 466  470    68    3
 466  467    46    0
 467  466   214    2
 467  229   174    2
 467  461    46    1
 468  230   223    3
 468  461   105    2
 468  469    46    3
 469  468   223    2
 469  231   145    2
 469  460    46    4
 470  455    68    4
 470  466    46   14
 470  520    45    9
 471  235   158    3
 471  473   115    1
 471  481    47    0
 472  236   180    3
 472  486    62    3
 472  473    47   15
 473  472   180    2
 473  237   115    2
 473  471    47   16
 474   16   195    2
 474  476    94    1
 474  475    47    7
 475  474   195    1
 475   16   130    2
 475  478    47    8
 476  477   197    1
 476   56    94    2
 476  474    47    6
 477   57   197    2
 477  479   137    1
 477  476    47    5
 478  239   200    3
 478  475   130    1
 478  484    47    9
 479  480   212    1
 479   23   137    2
 479  477    47    4
 480  482   225    1
 480   33   212    2
 480  479    47    3
 481  241   253    2
 481  471   158    2
 481  482    47    1
 482  481   253    1
 482   50   225    2
 482  480    47    2
 483  487    47   12
 483  523    15    0
 483  485     8    3
 484  478   200    2
 484  485    47   10
 484  288    32   11
 485  483    47   11
 485  484    32   10
 485  293     8    4
 486  464    62    4
 486  472    47   14
 486  487    46   10
 487  486    47   13
 487  519    46   11
 487  483    15    5
 488  489    56    0
 488  490    48    0
 488  521     8    0
 489  491    56    1
 489  488    48    2
 489  490     9    0
 490  489    48    1
 490  304     9    1
 490  488     8    9
 491  499    56    2
 491  492    49    3
 491  489     9    6
 492  494    49    4
 492  329    35   10
 492  491     9    5
 493  500    49    0
 493  494    36   13
 493  355    10    3
 494  493    49    5
 494  342    36   14
 494  492    35    9
 495  501    56    4
 495  499    50    3
 495  497    11    0
 496  498    50    0
 496  355    37   10
 496  500    10    1
 497  495    50    2
 497  498    38   13
 497  368    11    1
 498  497    50    1
 498  369    38   14
 498  496    37    9
 499  495    56    3
 499  500    50    4
 499  491    49    2
 500  496    50    5
 500  499    49    1
 500  493    10    2
 501  502    56    5
 501  503    51    0
 501  495    11    5
 502  506    56    6
 502  501    51    4
 502  504    12    0
 503  505    51    1
 503  380    39    9
 503  501    11    4
 504  502    51    3
 504  505    40   12
 504  392    12    1
 505  504    51    2
 505  393    40   13
 505  503    39    8
 506  507    56    7
 506  508    52    0
 506  502    12    5
 507  511    56    8
 507  506    52    4
 507  509    13    0
 508  510    52    1
 508  406    41    7
 508  506    12    4
 509  507    52    3
 509  510    42   15
 509  422    13    1
 510  509    52    2
 510  423    42   16
 510  508    41    6
 511  512    56    9
 511  513    53    0
 511  507    13    5
 512  516    56   10
 512  511    53    4
 512  514    14    0
 513  515    53    1
 513  434    43    6
 513  511    13    4
 514  512    53    3
 514  515    44    9
 514  446    14    1
 515  514    53    2
 515  447    44   10
 515  513    43    5
 516  517    56   11
 516  518    54    0
 516  512    14    5
 517  522    56   12
 517  516    54    4
 517  519    15    3
 518  520    54    1
 518  459    45   11
 518  516    14    4
 519  517    54    3
 519  520    46   12
 519  487    15    4
 520  519    54    2
 520  470    46   13
 520  518    45   10
 521  488    56   14
 521  522    55    2
 521  523     8    1
 522  521    56   13
 522  523    55    0
 522  517    15    2
 523  521    55    1
 523  522    15    1
 523  483     8    2
