48  26
 3.2132398984496846 -2.7957443453123734 -5.0291326800798464
 0.1651578047978692 -1.5277938674217371 -2.3012588016707380
-0.0318279265853317  1.5004664132987011 -2.3048402705008937
-3.0450782172371831  2.7747981775308093 -5.0388446314441229
-1.4553005993984187 -0.1049402666212439 -2.2870478353977295
-2.4739840063582945  2.2837351261425325 -5.8931485029176782
 2.4285331844076268  2.5755370174031560 -5.8753878473885104
 2.4164444041166919  2.5631121389443492 -5.8862244581822143
 2.6519212750022763 -2.2718153269897203 -5.8801694327420808
-2.2018702211673289 -2.5350292097605038 -5.8749552440712876
 2.6512182871181103 -2.2711119248048917 -5.8807985932472659
-2.4717880833787587  2.2816229869375686 -5.8950322407168994
-2.1979189444330638 -2.5302736993079220 -5.8788172152397058
 2.0492831152736892  2.1507669437892512 -6.2167676462439960
 2.2389098937530756 -1.8958585806446047 -6.2181223710991302
-2.0513974327414597  1.9100732562001159 -6.2279980399190578
-1.8057857952645899 -2.0970615138873971 -6.2291827200554177
 3.2269649580554707 -2.8079865251579621 -5.0535927401937446
 3.2171473321944797 -2.7878528857270766 -5.3721106317695781
-2.7657092771603118 -3.1547259435008157 -4.9833438202260609
-2.7431038718077612 -3.1288837803060088 -5.3491315589496740
 3.2269629623373555 -2.8086879515287002 -5.0548999317646164
 3.2171552673301935 -2.7879590387182622 -5.3720114700002899
-3.0606395850391728  2.7888202011543237 -5.0668676460901070
-2.7696147979393761 -3.1430186627892693 -4.9779731458826761
-2.7687081031281853 -3.1547820898890144 -4.9850511692105375
-2.7538403639853861 -3.1301563987204841 -5.3392809510854118
 2.9189506559586293  3.1289591379311577 -5.3902473327869558
-3.0314608995153574  2.7741429320773316 -5.4123969237965923
 2.9278350785830378  3.1299110780518595 -5.3818602328408245
-3.0606059838231268  2.7897813456276634 -5.0686596481321855
-3.0447538137923469  2.7739652223604803 -5.4002780162260926
 0.0785175488152657  0.0120899963773861 -1.3690314296513741
 0.0691807770134134  0.0012715155591797 -1.3690314296513741
 0.0615687400880528  0.0261685913478594 -1.3690314296513741
 0.0522764687521145  0.0158844852610492 -1.3690314296513741
 1.4964970915363682  0.1288707173502481 -2.2364417376545678
 2.8665721401173618  3.1295390285969242 -5.0094125629508861
 2.8935719426078528  3.0437352677965563 -4.9669500953993451
 2.9405900502560556  3.0540806460293304 -5.0555204857272553
 2.8735804606776210  3.1441679558697286 -5.0359265943186866
 2.9340573977731372  3.1427619157689040 -5.1348841092198931
 1.7553703607854845 -0.1325941374744837 -2.5555173907635775
 1.6924569878298061  0.0909722471017639 -2.4586968538672958
 1.5709078067112496  0.0792816797287046 -2.3136266335292031
 1.8300977533691514  0.6414031352496957 -2.7655045363015698
 1.5037891211754120  0.1385475262853056 -2.2469835836533791
 1.7173175165947785  0.2420847939653871 -2.5188355470461987
  6  -0.0551718922725485  0.8803340971389008  0.4711347362673470 -0.2367774391945813
 2 37 40 30 23 3
  8   0.8803401323039516  0.0431618976647089  0.4723751708600298 -0.3324369969659924
 38 45 47 43 42 0 17 39
  5   0.0564381344620735 -0.8797898581591986  0.4720005746380592 -0.2672632715306267
 0 1 19 21 17
  4  -0.8812501164180485 -0.0361730748703388  0.4712639822515623 -0.2084765642551663
 3 23 24 4
  6   0.6842749117659447  0.0322531332807921 -0.7285105219015577 -6.0251353362481881
 8 10 6 27 29 18
  5   0.0361297804776106 -0.6807440221268153 -0.7316298348900526 -5.9444454279366887
 8 18 22 20 9
  8  -0.6728620031106308 -0.0407850091918325 -0.7386428824507630 -5.9244398729759844
 5 11 12 9 20 26 31 28
  5  -0.0376572094660757  0.6773882791251401 -0.7346611830491042 -5.9696061920560393
 5 28 27 6 7
  5  -0.0357218178225043  0.6442366276224604 -0.7639915702159909 -6.0619568002800319
 5 7 13 15 11
  5   0.6495019568051976  0.0306903127046283 -0.7597402930030177 -6.1201499765668768
 6 10 14 13 7
  6   0.0342698543238436 -0.6470414524510079 -0.7616842757302482 -6.0396722401978149
 8 9 12 16 14 10
  4  -0.6414089973790768 -0.0390877317465812 -0.7662027455628665 -6.0130335370521752
 11 15 16 12
  4   0.0027115471697471  0.0004618420146748 -0.9999962170997946 -6.2232941712020358
 13 14 16 15
  4   0.0000000000000000  0.0000000000000000  1.0000000000000000  1.3690314296513741
 34 35 33 32
  7   0.9984262717280931  0.0487662185397153 -0.0276918011779063 -3.2248947929216523
 17 21 22 18 29 41 39
  6   0.0567226208062125 -0.9961480263365596 -0.0668704263082824 -3.3189340693617515
 20 22 21 19 25 26
  6  -0.9977386013829470 -0.0496298061988293 -0.0453273167865396 -3.1449771677173928
 23 30 31 26 25 24
  7  -0.0592606547955499  0.9969703220947411 -0.0503820568805078 -3.2180722200969796
 28 31 30 40 41 29 27
  5   0.7545842172310399  0.1316960281557583  0.6428520943994946  0.2914964070275747
 44 43 47 46 36
  5   0.7584357453070459  0.4647700224778577  0.4569070435509584 -1.3397908181677316
 41 40 37 38 39
  3   0.7675017093928724 -0.0604036945197918  0.6381947349887639  0.2756588156619722
 44 42 43
  3   0.7340094294090469  0.1946190737458154  0.6506562638389999  0.3312545574265580
 47 45 46
  8   0.4196712884328475  0.5052299899861532  0.7540680784144792  0.9932831098216676
 2 34 32 36 46 45 38 37
  7   0.4968557793244391 -0.4288059578731945  0.7544930649411937  0.9990970839285243
 0 42 44 36 32 33 1
  7  -0.4241596555020901 -0.4906686125337224  0.7611392115234769  1.0719910902363186
 1 33 35 4 24 25 19
  5  -0.4916616703096887  0.4442441187822563  0.7489432320781485  1.0439725705271206
 3 4 35 34 2
