414  209
0 -2.2473334240079219 -0.8060482488117188 -1.4377972547917692
1 -0.2296818428901397  3.3563929842438274 -1.5598430894634481
2 -0.5547194030697675  3.0435964923369117 -1.6575829867834513
3 -0.3068054977637013  3.2960775894113890 -1.5032607152202138
4 -1.6281068925949258  1.5752362756979097 -1.4334867454438958
5  1.3867677099031690  1.9874792786490820 -1.4682827412299486
6 -0.1769605809998854  3.4076595814314845 -1.4962933236663278
7  1.1995519904932495  2.3011574432058834 -1.4917751945960167
8  1.2030674725876884  2.2956256986943315 -1.4996177441015650
9  0.0740610628126533  3.5423435849646272 -1.4539971163062639
10  0.0675973053317225  3.5367569191449149 -1.5344603709292459
11  0.0653677266191282  3.5340306541772857 -1.5692508059184747
12  1.2304406632082223  2.2498092204169748 -1.4557191275080046
13  1.4208824292161339 -2.6039654158687102 -1.3473865200861253
14 -0.1357165278636185  3.4380901951279714 -1.5451408543438969
15 -0.2117631047026196  3.3713396508841651 -1.5634836970085926
16 -0.1120350204493122  3.4525026477873713 -1.5515409358690648
17 -0.0908698572225084  3.4643874078862154 -1.5591540380918341
18  0.2019917344258046  3.4475644738509668 -1.4333933434669026
19  0.6938929747539346  2.9740805658116822 -1.4059192992270799
20  0.5359520853163950  3.1400876060976080 -1.4208439729940676
21  0.4537531106154727  3.2214549105291965 -1.4264155519308916
22  0.3634799045108781  3.3056702183348934 -1.4302884107042009
23  0.1151901678359082  3.5194178762966501 -1.4331342354912173
24  0.1001728665513316  3.5304336821754276 -1.4324714914943588
25  0.0588924730242452  3.5310789037952750 -1.4177113562544972
26  0.0785844826840131  3.5425925788311270 -1.4299134155726927
27  1.0105517857804516  2.5675974859917940 -1.4204489373909379
28  1.4262309001518911  1.9253120109553636 -1.4105034335564544
29  0.8279359921726535  2.8114369967933448 -1.4099443737711086
30  0.9287809761621402  2.6804357646131010 -1.4171628371530234
31  1.4733680654278181  1.8405292214299032 -1.4047387523674069
32  1.3512118478055521  2.0516997856994381 -1.4163621924753464
33  1.2164534548558827  2.2647903318810489 -1.4214758574261142
34  1.2814398223710635  2.1656634600664884 -1.4204202908173784
35  0.7311885310980779  2.9298685010963532 -1.4002069895318150
36  1.8662779516666368  0.8277364712904555 -1.4135630302527740
37  1.8058531445019823  1.0322452884140920 -1.4247346603637721
38  1.5588908672187891  1.6707084730991026 -1.4156619753205071
39  1.6684343030207258  1.4256859599619094 -1.4302721046482365
40  1.6197757362836156  1.5393213359523696 -1.4251127301443840
41  1.9081884626743015  0.6686997493565501 -1.4010478886078834
42  1.7076879173430801  1.3260598041868805 -1.4322285035577211
43  1.7281869661644143  1.2692087265569194 -1.4319124770775717
44  1.4897968569564592  1.8088014389910765 -1.4018842705329184
45  2.0146944750083504  0.1099421214554061 -1.3852912013759733
46  2.0428935329570748 -0.1341630312875539 -1.3689330570252112
47  1.9891805943147423  0.2847705037835789 -1.3925825772492042
48  1.9687734579261937  0.4006971568338496 -1.3945143835507654
49  2.0713915506396283 -0.5284572485616688 -1.3283238864102309
50  2.0612357160718142 -0.3477550306055185 -1.3493514259860968
51  1.9416977715407377  0.5319059581904605 -1.3933908336789786
52  2.0717772406006882 -0.5377328851626537 -1.3271316839903013
53  1.9327290761539522  0.5697325849798425 -1.3920993363698442
54  2.0668423607615369 -0.9463150631098392 -1.3128719389384700
55  2.0739683817504027 -0.7921181548134046 -1.3146185554964540
56  1.9454007412822785 -1.7203095518959941 -1.2313289248752386
57  2.0390046135603281 -1.2575517099836175 -1.2979175055236394
58  2.0543044881371721 -1.1120853339504937 -1.3068513786874583
59  2.0230258161861094 -1.3758417199852007 -1.2876478780115783
60  2.0077218125691032 -1.4685664337752269 -1.2772374298482370
61  2.0754622459536449 -0.7033975679545220 -1.3134095889152548
62  1.9774988408819485 -1.6022433087935686 -1.2552976078672295
63  1.9608459592494882 -1.6669454209482319 -1.2429586656591600
64  2.0747848726050515 -0.6498825196946445 -1.3113395149266407
65  1.8997691543754380 -1.8380039804203367 -1.2450175050864734
66  1.6697178080799848 -2.2870614340168425 -1.2867120830544287
67  1.6162240932024012 -2.3685565592108908 -1.2862768246778278
68  1.7831872800306683 -2.0942468367322520 -1.2788194331866602
69  1.4758572924233357 -2.5522924213094154 -1.2718302562016377
70  1.5345612113230094 -2.4781643868197136 -1.2790712576754761
71  1.8163761272056835 -2.0276256485382369 -1.2719924938107154
72  1.8484423214303152 -1.9582368613531049 -1.2631775588556509
73  1.7281448158064969 -2.1920096518211398 -1.2845178553513885
74  1.7678126853465645 -2.1229311756952534 -1.2810196458286232
75  0.8597068697410705 -2.9970374331284679 -1.2907783492716092
76  1.4207382313902102 -2.6119670989565273 -1.2796107332553317
77  1.3068332946489569 -2.7122892784821633 -1.2964847812746745
78  1.1262913443009117 -2.8477098759925936 -1.3076671904430672
79  1.0717642287722549 -2.8835251148292560 -1.3076904511595850
80  1.1804230029742175 -2.8098349245205814 -1.3061140024841789
81  1.2341918321113887 -2.7698067494191578 -1.3029833236569643
82  0.7630015200994013 -3.0382502623638046 -1.2761045229618662
83  0.9876881846685051 -2.9318605757343796 -1.3031821277794162
84  0.9515002482097175 -2.9512694817387155 -1.3003210136778829
85  1.3495125638332017 -2.6763957396701787 -1.2912812733068086
86  1.4056375604501554 -2.6262648222761289 -1.2825059644113048
87  1.4601702081452697 -2.5698703092253692 -1.2689094225009587
88  0.1855581908301681 -3.1719130179476482 -1.3269684536790480
89 -0.0836168650843891 -3.1813971971959565 -1.3178518966299575
90  0.4423407159398815 -3.1353462002386068 -1.3133922610748487
91  0.5310182890444507 -3.1148354035744803 -1.3023238363512961
92  0.6090424173407224 -3.0918415349587267 -1.2885810869890464
93  0.3474392308509028 -3.1514586382246219 -1.3205125423300008
94  0.2537464665845768 -3.1644995655177715 -1.3252222694104052
95  0.0769952231609059 -3.1788138225337876 -1.3257809161364809
96  0.0094844342058487 -3.1810768988391374 -1.3234008521092182
97 -0.5882950941230816 -3.1209134775668259 -1.3443867567659376
98 -0.1698931768375114 -3.1772563384186343 -1.3191000774732036
99 -0.2995588751142422 -3.1663229289513581 -1.3322173029457982
100 -0.9139771806281499 -3.0321978169600068 -1.3277802110629704
101 -0.8504362161792571 -3.0535404211583788 -1.3342836371815348
102 -0.6646803628820051 -3.1038923417141757 -1.3435547968249457
103 -0.7550844174698249 -3.0808805555142440 -1.3402509710677122
104 -0.4247996836633984 -3.1500666730744662 -1.3402790073231499
105 -0.4946803450925462 -3.1388513406039200 -1.3430420884478642
106 -0.1268265590116733 -3.1795994762981437 -1.3137012230790686
107 -1.3277743870990104 -2.8167671431390229 -1.3549110556285930
108 -1.5619604849152680 -2.6387689427460321 -1.3423528923608854
109 -1.0281320508792602 -2.9868207554313804 -1.3305723993170722
110 -1.4376534219024946 -2.7371820995311666 -1.3517717869267913
111 -1.5085583207225535 -2.6825368619666135 -1.3474425683872704
112 -1.1168459336331760 -2.9429063633743286 -1.3422833206908715
113 -1.0822845954373748 -2.9608067996256429 -1.3382757494129385
114 -1.6298241252535008 -2.5760071411539114 -1.3308835065022715
115 -1.6766166099231041 -2.5300689957756886 -1.3211099796055590
116 -1.1857815450707438 -2.9045817023813343 -1.3484414052740019
117 -1.2498501077247117 -2.8664124617267213 -1.3523785554689998
118 -0.9711123510618750 -3.0101045954539476 -1.3195845736184644
119 -2.1360732540520653 -1.8228256071707247 -1.3229248234411823
120 -1.8880973458454984 -2.2809709498009720 -1.3405096908795735
121 -2.0972415180034689 -1.9198595317552418 -1.3369413506518724
122 -1.7323312143069263 -2.4718587980706057 -1.3084044351017341
123 -1.9360698966057319 -2.2099615917450826 -1.3449553850320179
124 -1.7898257500459580 -2.4054793046866823 -1.3220711503185445
125 -1.8370142210956084 -2.3475923773617975 -1.3317711909712013
126 -2.0384608583402644 -2.0381456502478894 -1.3454234329668480
127 -2.0747369602586114 -1.9673061352727719 -1.3411506895873195
128 -2.0014255699375889 -2.1053294150693302 -1.3474973460001549
129 -1.9892013610769883 -2.1259980701406467 -1.3475109238728860
130 -2.1754131706799473 -1.6974202503349431 -1.2966556150324187
131 -2.1558434332163325 -1.7632454161520945 -1.3112561206818119
132 -1.7298041764446166 -2.4746093191847751 -1.3077293605634561
133 -2.2488532344604408 -1.0645101181600283 -1.3626216546735890
134 -2.2487048559115639 -0.7928248040107622 -1.3699610215327973
135 -2.1992536021204421 -1.6039621575949863 -1.3013876812123848
136 -2.2141609554092887 -1.5230754950414052 -1.3175554396920499
137 -2.2298760181193904 -1.3956459039798719 -1.3357596607174442
138 -2.2437866470569574 -1.2274912494748109 -1.3533973316465526
139 -2.2403787804404089 -1.2826685315273183 -1.3486915419990186
140 -2.2333607415967927 -0.5503016639595241 -1.3726041659926012
141 -2.1324976634838402  0.1480801290354483 -1.4095843605667702
142 -2.0881194513852286  0.3468903766783956 -1.4057084243983302
143 -2.2202786699191313 -0.4157656723649314 -1.3855647347226459
144 -2.1993256358045663 -0.2519895561701978 -1.3967195142908764
145 -2.1629017144644389 -0.0111146272040027 -1.4079701265612226
146 -2.1817008727545439 -0.1291277969226725 -1.4033349991680137
147 -2.0167525096449057  0.6108449799736081 -1.3891179837188281
148 -2.0501603659414838  0.4952885699544148 -1.3983709362777923
149 -2.2376976486361753 -0.6150815961588467 -1.3645594589948336
150 -1.9742739904460007  0.7486646258898271 -1.3935161351018923
151 -1.9121263171121614  0.9294303324988756 -1.4102227094104980
152 -1.7313747421894710  1.3646468424126030 -1.4265387548852884
153 -1.5390194258858010  1.7441718543181830 -1.4140867069657976
154 -1.6277241915252876  1.5763471243906004 -1.4223935289593710
155 -1.8010320286175805  1.2104165746730924 -1.4250608846982331
156 -1.8546172348647312  1.0812260483551772 -1.4201642517315420
157 -1.9996899207804990  0.6666214771817167 -1.3837899449777380
158 -0.8119552734272444  2.7839570450447271 -1.4666612071347265
159 -1.1547925590446220  2.3541795659183187 -1.4524450147814925
160 -1.2965871328220939  2.1533904090717728 -1.4359183806421068
161 -1.0348393122694695  2.5135939909729470 -1.4615980640639612
162 -0.9111377156794178  2.6678411927012475 -1.4663467230917679
163 -1.3897779735449645  2.0057366849815854 -1.4178051362767188
164 -1.3269350546958782  2.1075486488891566 -1.4310560114143249
165 -1.4502995360719515  1.8999965288467902 -1.4014901005162894
166 -0.5598989421393036  3.0443664061677711 -1.4565550613516720
167 -0.2887029898397080  3.3153201809988704 -1.4647380716227798
168 -0.1852388545178993  3.3974984582339598 -1.4578169787982576
169 -0.2192009326485512  3.3749318706297649 -1.4621778509748398
170  0.0527467744567820  3.5270054813704030 -1.4136935975989660
171  0.6781620214834155  2.6989539393550501 -1.2800722519650283
172  0.1803450565200320 -0.2943762787239950  0.1680989621618151
173  1.6683877138573047  0.3881761024605024 -1.1425491106117798
174  0.3553015444087784 -0.8070236559814777  0.1449148742977469
175  0.1698685945136795 -0.3164822535274923  0.1821236949251531
176  1.9427831859359550 -1.7276885889022413 -1.2293114950563875
177  1.9385001853281050 -1.7393584624753351 -1.2278147941112791
178  0.2293247913808751 -1.1652554110939273  0.1904807117490596
179 -0.1458921856700349 -0.8144664477330199  0.5371160352742574
180  0.3192977418642303 -0.8170146495947147  0.1752198478796950
181 -0.1418825185545456 -0.8124060270146210  0.5343235315810564
182  0.7130513716462339 -3.0575930244528196 -1.2701147903394612
183  0.7327198767670075 -3.0501059962503954 -1.2708174199220001
184  0.7030913841835964 -3.0610466399007441 -1.2695242119565247
185 -0.1490378709106351 -0.8300413747588413  0.5371160352742576
186  0.2292690530784888 -1.1652172464657486  0.1905300156006159
187 -0.1237937630979160 -1.3527806235345270  0.1646655901261978
188 -0.9593354225010530 -2.9765729056349861 -1.2904635173992449
189 -0.5174841318517329 -1.1759240036693794  0.1821123827345870
190 -0.1220626747609265 -1.3430649075404952  0.1724211169706587
191 -2.1837395069603862 -1.6659821245237674 -1.2889153779508284
192 -2.1890846107517614 -1.6449294710542373 -1.2907500172989763
193 -0.1611075685656651 -0.8352561537964597  0.5371160352742576
194 -0.4960967730546315 -1.1431841889617040  0.2127728000777541
195 -0.1653800369111287 -0.8439324431826778  0.5323683786338245
196 -0.6068766516094547 -0.7775709478948848  0.1650567013719354
197 -1.8747795122990061  0.5559629284914319 -1.2483891253604051
198 -0.3601469236912258 -0.4756061848630165  0.2828400245953517
199 -0.6030722504581811 -0.7793032903498751  0.1686622596531328
200 -0.6457933342962348  2.9557268148428206 -1.4566686314126058
201 -0.5696314374421935  3.0343365935485611 -1.4561163861183049
202 -0.1062164026730291  0.0842090429846405  0.1472881556212045
203 -0.1555263407481275 -0.8027414013748537  0.5371160352742573
204 -0.1166486197066249 -0.2113737888463027  0.2801352238418863
205 -0.1645915526648334 -0.8122388171456564  0.5371160352742574
206 -0.3230969082334937 -0.5330499972820182  0.3293182033655629
207 -0.1664626539628520 -0.8111042112781192  0.5356716444576284
208  0.2652003754599994  3.3651433590084716 -1.6072631416776466
209  0.6833466031112614  2.9491043885738542 -1.6534663837915793
210  0.5454764350984637  3.0998861748229882 -1.6263578495924058
211  0.4370578808704266  3.2104426296060957 -1.6120354887452404
212  0.3937985512473218  3.2515047917097766 -1.6089827728334591
213  0.0886671571521276  3.5098922469579090 -1.6147192581142154
214  0.0607369047793569  3.5295485783159855 -1.6187310214780646
215  0.0563150740103859  3.5274483848139502 -1.6239148442727616
216  1.2066465921321883  2.2801520657868068 -1.6189636740965838
217  0.8701169458607849  2.7257079814073317 -1.6379135194027068
218  1.0446472691672919  2.5027909115769340 -1.6227440090683354
219  1.3360686912552917  2.0493567285344443 -1.6506077899713612
220  1.2171233667139041  2.2622763201374072 -1.6209965941213058
221  0.7074373564626331  2.9187255792932909 -1.6617219291288574
222  0.4158141447378423  2.6969762909627328 -2.0762437253347952
223  1.8537365507272840  0.7975593635549142 -1.6493745118534129
224  1.7924832805099760  1.0119736407977729 -1.6378672089921960
225  1.4463467575072324  1.8441320355590400 -1.6784256836924878
226  1.5118625532302756  1.7185404069000934 -1.6618683096013762
227  1.6533762147983933  1.4130361357358696 -1.6356278428519766
228  1.5968839084109652  1.5415856629665639 -1.6442688661404024
229  1.8812830988472955  0.6872432758587544 -1.6584144445062157
230  1.6844396201237231  1.3352650246087374 -1.6328479029595444
231  1.7200488195329349  1.2364978251904211 -1.6323364505623106
232  1.4373619965685320  1.8600362670346284 -1.6810634124050501
233  1.4273585070109307  1.8636830313610726 -1.6879124656398981
234  2.0062785008891488  0.0432786040321596 -1.5918064615095511
235  2.0249994220783023 -0.1215356796002084 -1.5849304951640744
236  1.9741184385039507  0.2598603549192167 -1.6072160323248341
237  1.9421824639996561  0.4337631745340012 -1.6247438843827422
238  2.0505085850007996 -0.5074346416208271 -1.5842824482683557
239  2.0433474453669072 -0.3516560167720845 -1.5818994308096370
240  1.9231532585314248  0.5209592058757083 -1.6360758706095599
241  2.0514455443768922 -0.5396399097586315 -1.5852334114151949
242  2.0521356203943819 -0.5959267410070004 -1.5876944090229950
243  1.4962156517002605  0.5670390090015057 -1.9935876811850928
244  1.8851651383473540  0.6704882703376432 -1.6600246741827638
245  1.5014369776627936  0.5727100985142007 -1.9888783667787702
246  2.0486823414964386 -0.9390347452684082 -1.5346542747211067
247  2.0537717062467893 -0.7873900219571908 -1.5593697641658479
248  1.9233155627663530 -1.7159932885611229 -1.5115372841555836
249  2.0207876821189359 -1.2679570807424598 -1.4986180878743514
250  2.0371763159781935 -1.1083287236476118 -1.5131342936368217
251  2.0068461314826518 -1.3691357052576534 -1.4931220952690629
252  1.9900892788115756 -1.4659711781671787 -1.4914209554584565
253  2.0536831660089203 -0.6696824615453426 -1.5827647855053588
254  1.9561163299572641 -1.6046516359876051 -1.4993839873572894
255  1.9356348238170977 -1.6773598444921496 -1.5063424114281490
256  2.0531228695426229 -0.6532681459668454 -1.5865984736781460
257  1.8763981455236209 -1.8427474682417331 -1.4999703661351074
258  1.6727266977552664 -2.2555906502264680 -1.4860092964841201
259  1.5959006012865486 -2.3703501959905151 -1.5022924729435396
260  1.7775241506758328 -2.0730512734174895 -1.4774726076208982
261  1.4719148090477994 -2.5250579559810307 -1.5446128548008424
262  1.5370916153007903 -2.4464980230449926 -1.5209105265276692
263  1.7925203331524615 -2.0422343720792355 -1.4787212421128695
264  1.8286191165381922 -1.9610473434073117 -1.4854114837072760
265  1.7279220313534387 -2.1666220619541376 -1.4777404129159653
266  1.7284346252731928 -2.1657289408949976 -1.4776987992945925
267  1.4507679614981359 -1.6787402395898543 -2.0108847922903146
268  1.9138108281098714 -1.7399915145802911 -1.5166952847180903
269  1.4537835204943881 -1.6771038848334832 -2.0087369605320564
270  0.8433486573611820 -2.9839938328838524 -1.5423230078623891
271  1.2957624273331967 -2.6984896990744045 -1.5133439180823092
272  1.0972706794278071 -2.8464011443504083 -1.5066551252446905
273  1.0291508284952875 -2.8908268813809088 -1.5097870993039479
274  1.1789276952100216 -2.7890371235290941 -1.5064214249959655
275  1.2543141447398372 -2.7320845948330637 -1.5096268296322126
276  1.0014062985064123 -2.9063601624728319 -1.5132565325695122
277  0.9339598371506961 -2.9411155010420940 -1.5242656210053842
278  1.3505082868515086 -2.6509113682655192 -1.5209994962064060
279  1.3687821744512130 -2.6339070788383911 -1.5245168263202755
280  1.4471594938173002 -2.5519486260422952 -1.5473354456244719
281  1.3959004702775202 -2.6068400066588415 -1.5313066526356436
282  1.4573197765049546 -2.5403430493327073 -1.5511339311991192
283  1.4545133413427214 -2.5370073008643961 -1.5556885140034518
284  0.1564832928187064 -3.1604571810386637 -1.5504269144778744
285 -0.0830197178462049 -3.1649494284431752 -1.6027985240698390
286  0.4196213810470170 -3.1260199831921014 -1.5234557130437572
287  0.5208407051981332 -3.1016374889556406 -1.5246194605330148
288  0.6070475952442089 -3.0745639078296980 -1.5321461270650032
289  0.3413151907598303 -3.1393829773902375 -1.5282543331281047
290  0.2754422527578388 -3.1483603026554521 -1.5346368491767501
291  0.7581919000022582 -3.0183118294281632 -1.5544448269341475
292  0.6792662579607441 -3.0491652898887049 -1.5412678868051002
293  0.0768818307520994 -3.1645932573267279 -1.5650945751907608
294 -0.0046793841394806 -3.1660946188134975 -1.5829588644350643
295  0.5744134018874524 -2.6030004081110985 -2.0285352101811460
296  0.7806556476309954 -3.0086387530298682 -1.5591190741453778
297  0.5857045163467063 -2.6105247821383126 -2.0180502524168822
298 -0.5599422770361110 -3.1134333843600617 -1.5613101385458399
299 -0.1899002104382208 -3.1603339528760976 -1.5954503335076697
300 -0.3079151886326323 -3.1520257960125342 -1.5778077741896019
301 -0.9090255959900023 -3.0178205324630429 -1.5812829703345754
302 -0.8379944789858052 -3.0427501555649163 -1.5716581051014680
303 -0.6854230302704631 -3.0853334128931116 -1.5621217747352727
304 -0.7541559808959713 -3.0675092945110984 -1.5650369026133237
305 -0.4290132327561223 -3.1373677561376416 -1.5659339391699389
306 -0.4529893388328214 -3.1336515708089849 -1.5644099467443930
307 -0.1081801048994008 -3.1633188081554184 -1.6104788777612913
308 -0.1078520095480208 -3.1559297759729454 -1.6180570326450947
309 -1.3227205912371078 -2.8049974575708521 -1.5513663164214107
310 -1.5546698343026999 -2.6268818455275404 -1.5646850123302589
311 -1.0121601669876641 -2.9763487375502571 -1.5911813256014264
312 -1.4243975281054686 -2.7309371588115128 -1.5537540873571318
313 -1.5136324844631970 -2.6612160625956021 -1.5599058373646200
314 -1.1345976908695250 -2.9174957374977719 -1.5680118504886700
315 -1.0606104174956417 -2.9542533558980346 -1.5809878648749036
316 -1.6170094526755487 -2.5671836665486758 -1.5784210078603946
317 -1.6735727608752307 -2.5092479744626726 -1.5941208954367614
318 -1.1776970857721829 -2.8942144686519757 -1.5620580397547101
319 -1.2246105516393264 -2.8668034699444469 -1.5573544755222311
320 -0.9907359761593158 -2.9844482058348261 -1.5971236155483348
321 -0.8232944035555774 -2.5782087171460670 -2.0467796220195003
322 -2.1227906484870012 -1.8403321324712323 -1.5383267279674406
323 -1.8802388132252730 -2.2727943429355513 -1.5495113642802867
324 -2.1047763651151410 -1.8861666339206185 -1.5338201570776180
325 -1.7440346342779918 -2.4348199013883853 -1.5872429638662418
326 -1.9358058977367276 -2.1919415836090455 -1.5398583396307695
327 -1.7831094021409699 -2.3915265668567498 -1.5751773568056082
328 -1.8358932784149882 -2.3290060829735988 -1.5604499465158197
329 -2.0447851668170336 -2.0103495022057403 -1.5298853685885208
330 -2.0672761692718891 -1.9661622979484541 -1.5304384495815424
331 -2.0176595988656225 -2.0596110997652035 -1.5307869136792682
332 -1.9809833014795895 -2.1213157319533904 -1.5339132973998808
333 -2.1581355763757766 -1.7297188053821093 -1.5552176555949275
334 -1.6985675991712346 -2.4818864868093540 -1.6025700986970710
335 -1.6861647358554699 -2.4782438515149412 -1.6131648524026261
336 -2.2454348128406387 -1.1410294482257277 -1.5317097776499260
337 -2.2451014621245484 -0.9155431515529704 -1.5481985707739898
338 -2.2382416801226159 -0.7283527090098108 -1.5672135417792938
339 -2.1918567416335177 -1.6019827777697571 -1.5419056875788866
340 -2.2143927266323429 -1.4855152907940909 -1.5320484312580522
341 -2.2314614423090933 -1.3510923723961419 -1.5279064611297268
342 -2.2440525633207709 -1.1854089477727046 -1.5296360201639394
343 -2.2380157933220097 -1.2818007421098643 -1.5275871962597072
344 -2.1621939741395924 -1.7154843489143752 -1.5577428170278453
345 -2.1621842928125199 -1.7155170965989190 -1.5577482950216195
346 -2.2243981958779173 -0.5203584551222809 -1.5905378783526707
347 -2.1207942786667826  0.1867661380493035 -1.6033096160906755
348 -2.0900561528550945  0.3235188262527822 -1.6141037333468156
349 -2.2118762901378233 -0.3869823537234020 -1.5874868508613313
350 -2.1908852131446883 -0.2208955143704710 -1.5878863487253760
351 -2.1577695650458772 -0.0058615437722579 -1.5930225415094390
352 -2.1814770312928324 -0.1549366359560665 -1.5888787441661814
353 -2.0136948281356295  0.6056341924862959 -1.6464441902848777
354 -2.0424715945399150  0.5073764246604214 -1.6334839789807161
355 -1.5632366802307209  0.5208698389523707 -2.0049489999692311
356 -2.2254238066006526 -0.5370759097851304 -1.5913433483682724
357 -2.2132570447882403 -0.5393460770856010 -1.6010246229742595
358 -1.9635881131265835  0.7683809422749148 -1.6486127515949718
359 -1.9078890955382592  0.9314556417087817 -1.6399313419999313
360 -1.4612227986537873  1.8746536034470527 -1.6779508849251206
361 -1.7317039116299242  1.3576631490935562 -1.6389338869256127
362 -1.6447584535193873  1.5348648647266314 -1.6482229942049231
363 -1.5154835980697654  1.7797579268220138 -1.6675203746784484
364 -1.6256553166967043  1.5722675939480595 -1.6507159884712097
365 -1.7942652360838613  1.2192067807966525 -1.6354835479353966
366 -1.8507770596080333  1.0827665217707263 -1.6357246980702747
367 -1.4358647417685395  1.9157083871983782 -1.6837978900090809
368 -1.9930192692733755  0.6722705695666419 -1.6561356172792534
369 -1.5659880829535300  0.5240406944264281 -2.0025048142546726
370 -0.8011478672800362  2.7888682186458196 -1.6718453102322517
371 -1.1095690703234571  2.4066928641608332 -1.6552874340554253
372 -1.2614062440120628  2.1901874780746255 -1.6632230623840916
373 -1.0235877574912018  2.5212056204916400 -1.6553820531779424
374 -0.9225271091505074  2.6471839648708566 -1.6603817869439919
375 -1.3670737974253588  2.0284540914864322 -1.6750205723886413
376 -1.4243228608547722  1.9344750987751451 -1.6850169205392991
377 -0.2840087253155838  2.7049234067639292 -2.1107398608308179
378 -0.6029273842493271  2.9926063724222471 -1.6984587670049640
379 -0.4457589215662485  3.1418327529667334 -1.6628050304068607
380  0.0262177393886297  3.5153298035558471 -1.6171961702440694
381 -0.4232665942944156  3.1627753442130198 -1.6580428726856282
382 -0.0049035552336365  3.5014723929090383 -1.6113339189771514
383  0.0563007381751128  3.5274422237119682 -1.6239191479508226
384 -0.6195556400107711  2.9752944302066338 -1.7034859046202073
385 -0.2840208449292076  2.7113784416664855 -2.1070689196178027
386  0.7037409431323944  1.3475246790702411 -2.2682203670952856
387  0.4172712488519896  2.6822980135337668 -2.0845114774309934
388  0.4210365298901063  2.6774510134760114 -2.0842089918439539
389  0.7487540097236378  1.2464387770089591 -2.2678408550294189
390  1.1099373198317957 -0.6255537862654557 -2.2620436564434696
391  1.4778000903980071  0.5599886998696684 -2.0067241334476842
392  1.1095649484662347 -0.6889156176235795 -2.2618802615258486
393  1.4500920528138186 -1.6785598190763957 -2.0113699216001226
394  0.5736103480039478 -2.6008610358515947 -2.0301277140983416
395  0.7675590543346945 -1.9368523855376030 -2.2595341677845804
396  0.7842840073527324 -1.9521984726474197 -2.2509978594242956
397 -0.8167906119473549 -2.5763776048748559 -2.0500769993261256
398 -0.8194409650698331 -2.5761726316649050 -2.0496994675816014
399 -0.1190367806550908 -2.2798950867948360 -2.2609544409229283
400 -0.1241461810160662 -2.3026008876425719 -2.2528776471115104
401 -1.6543442636637955 -1.6065251354657275 -1.9759279404910060
402 -1.6555593097913326 -1.5941594482318533 -1.9764060222270925
403 -1.6558556624711909 -1.6050523829208783 -1.9753827116257290
404 -0.9585316932856846 -1.8285150336481597 -2.2643127761653146
405 -0.9697139812579245 -1.8414675196741521 -2.2583242820648066
406 -0.6485232210802053  1.4035466487241797 -2.2718892075762884
407 -1.5533976285651674  0.5178611562655481 -2.0113426528766380
408 -1.1723571010254625 -0.6343638305697248 -2.2679676432794200
409 -1.1985117347024357 -0.6257978906202879 -2.2571458206698654
410 -0.6202812471173683  1.4597985893170031 -2.2719615407327418
411 -0.2834314263674310  2.7036777875559421 -2.1114161821891195
412  0.0692764552754873  2.3821760456170216 -2.2725575146538617
413  0.0691737317257248  2.3879075865520760 -2.2713675292723594
0    7   0.4136100948899234  0.3398522849556829  0.8446461471027673 -0.1165322257010291
 171 204 203 179 181 175 172
1    5   0.6064557208774910  0.1703391049685988  0.7766569692814579 -0.1905561140708319
 173 175 181 180 174
2    8   0.6089455938885239 -0.1229894152215181  0.7836190831183364 -0.4322247235674669
 176 180 181 179 185 186 178 177
3    8   0.2394232661570122 -0.5541493538362204  0.7972421170921716 -0.8524952827316314
 185 193 195 190 184 182 183 186
4    6  -0.2270992236500726 -0.5825228610133949  0.7804441421487531 -0.9446514018645333
 187 190 195 194 189 188
5    8  -0.6445412692245927 -0.0975600073676489  0.7583195877918330 -0.5926336837088171
 191 194 195 193 205 207 199 192
6    6  -0.6197972278795815  0.2116678148777061  0.7556772673950721 -0.3362833199370742
 196 199 207 206 198 197
7    8  -0.4050902350780987  0.3866555824228041  0.8284922220670832 -0.1976142154232346
 200 206 207 205 203 204 202 201
8    8   0.0484041899747696  0.4938353129423330 -0.8682071861508832 -3.1545990000380697
 377 385 383 215 222 387 413 411
9    7   0.5080370785815056  0.2231030767694953 -0.8319395073695887 -2.5451855295574921
 243 391 389 386 388 233 245
10    9   0.5821155761289761 -0.0055177936335920 -0.8130873323213487 -2.4888025213123122
 390 391 243 242 256 269 267 393 392
11    7   0.4544234253229739 -0.4158260975454990 -0.7877740838069101 -2.9414498739218073
 267 283 297 295 394 396 393
12    5   0.0010016561831901 -0.5968681483843309 -0.8023387128446136 -3.1817957280653553
 295 308 397 400 394
13    5  -0.4542350804278516 -0.3280986601105775 -0.8282643062104916 -2.9151505287936570
 321 335 401 405 398
14    5  -0.5421898416497507  0.0123287015469105 -0.8401655662605944 -2.5384818087873686
 355 407 409 402 357
15    9  -0.4768898012607325  0.2383404563934026 -0.8460318813730862 -2.5658867593972374
 367 376 377 411 410 406 407 355 369
16   14   0.3167488029785214  0.3795095953456038  0.8692770921014140 -0.1263484410435562
 18 23 24 26 25 170 202 204 171 35 19 20 21 22
17   12   0.4728881568699570  0.3187669307199343  0.8214404634369600 -0.1295289079142360
 28 32 34 33 27 30 29 35 171 172 44 31
18   13   0.5876020100796479  0.2162086962931352  0.7797292333865521 -0.1733960811760664
 36 37 43 42 39 40 38 44 172 175 173 53 41
19   12   0.6346119307247136  0.1244243276430280  0.7627491619611470 -0.2355989222255250
 49 50 46 45 47 48 51 53 173 174 64 52
20   14   0.6472656675742758 -0.0212816454833305  0.7619673530704244 -0.3575696858643660
 56 63 62 60 59 57 58 54 55 61 64 174 180 176
21   13   0.5289195115284866 -0.3430389109749579  0.7762528298702570 -0.6688834953987903
 69 70 67 66 73 74 68 71 72 65 177 178 87
22   16   0.3398284214275248 -0.5178835927711601  0.7850561943762445 -0.8309358033103131
 75 84 83 79 78 80 81 77 85 86 76 87 178 186 183 82
23   13   0.0484359316609359 -0.6283833894706770  0.7763944077345486 -0.9719142504977105
 89 96 95 88 94 93 90 91 92 184 190 187 106
24   13  -0.1305538745731180 -0.6235580713054579  0.7707989475497252 -0.9866230954979320
 100 101 103 102 97 105 104 99 98 106 187 188 118
25   15  -0.3650343160399833 -0.5340646068416651  0.7625778280492289 -0.9557937221140167
 108 111 110 107 117 116 112 113 109 118 188 189 132 115 114
26   17  -0.5661537706936610 -0.3353390016196613  0.7530057515863197 -0.8244404455273123
 120 125 124 122 132 189 194 191 130 131 119 121 127 126 128 129 123
27   11  -0.6829085297152594  0.0200994862208811  0.7302273280943403 -0.5193413793430552
 135 192 199 196 149 134 133 138 139 137 136
28   13  -0.6705922306418199  0.1354696933875130  0.7293517823220296 -0.4220138689586808
 147 148 142 141 145 146 144 143 140 149 196 197 157
29   11  -0.5861928555397161  0.2720633482410246  0.7631248067374540 -0.2975627816213765
 150 157 197 198 165 153 154 152 155 156 151
30   11  -0.4387674886763228  0.3769903408698160  0.8156968638970809 -0.2094335445582026
 159 160 164 163 165 198 206 200 158 162 161
31    7  -0.3718512741534369  0.3975182006417494  0.8388718078878390 -0.1965272133014037
 166 201 202 170 168 169 167
32   10   0.4958350704484805  0.5710088222066788 -0.6542908434904863 -3.1046397495126627
 208 212 211 210 209 221 222 215 214 213
33   11   0.6113305162317212  0.4335831103389072 -0.6620277081457363 -2.7980941195403082
 219 232 233 388 387 222 221 217 218 216 220
34   13   0.6037329739259757  0.2136908438081891 -0.7680121870563261 -2.5563327401545353
 225 226 228 227 230 231 224 223 229 244 245 233 232
35   12   0.6440849917661180  0.0412933626061491 -0.7638385834627083 -2.5098841835213563
 243 245 244 240 237 236 234 235 239 238 241 242
36   13   0.7149907435431765 -0.1357733459393143 -0.6858234723163235 -2.6447867234429960
 249 251 252 254 255 248 268 269 256 253 247 246 250
37   15   0.6618855061967210 -0.3489684812698073 -0.6634218686227901 -2.8801346649127542
 257 264 263 260 266 265 258 259 262 261 282 283 267 269 268
38   16   0.4173108674195579 -0.5912255082538568 -0.6901478380198732 -3.1805827196181800
 280 281 279 278 271 275 274 272 273 276 277 270 296 297 283 282
39   16   0.1631324604603855 -0.7099142919546692 -0.6851346571460545 -3.3314324389893843
 291 292 288 287 286 289 290 284 293 294 285 307 308 295 297 296
40   15  -0.1532148609927495 -0.7042069761024470 -0.6932659959781815 -3.3606962152664717
 299 300 305 306 298 303 304 302 301 320 321 398 397 308 307
41   15  -0.4154425023879622 -0.5926076164739066 -0.6900896609185963 -3.2823590651898424
 311 315 314 318 319 309 312 313 310 316 317 334 335 321 320
42   17  -0.5676808400463695 -0.2985488484039300 -0.7672073050753201 -2.9347121206949485
 325 327 328 323 326 332 331 329 330 324 322 333 345 403 401 335 334
43   14  -0.6280350425976978 -0.0558300501431881 -0.7761797412779575 -2.6627975785712579
 339 340 341 343 342 336 337 338 356 357 402 403 345 344
44   14  -0.6122104191844002  0.0754817046029598 -0.7870838042497714 -2.5744088128314315
 346 349 350 352 351 347 348 354 353 368 369 355 357 356
45   12  -0.5620900261535843  0.2342125257055002 -0.7932208364013854 -2.5913917207785220
 358 359 366 365 361 362 364 363 360 367 369 368
46   10  -0.5497360544577256  0.4121661325720731 -0.7265737055453032 -2.8046157376821479
 371 373 374 370 384 385 377 376 375 372
47    8  -0.3938391283310658  0.5843269004138912 -0.7095440891502944 -3.1912481800099051
 379 381 382 380 383 385 384 378
48    5   0.3286117350022870  0.1976384408690836 -0.9235547489508267 -2.5924059006167748
 387 388 386 412 413
49    3   0.3971216496386199  0.0737879342340687 -0.9147949148031869 -2.4639278517835361
 389 391 390
50    4   0.3744871931753309 -0.1043629622146180 -0.9213401729358448 -2.5713762890823597
 393 396 395 392
51    5   0.1406763160292966 -0.3597598938105374 -0.9223789855118427 -2.8889260220569168
 394 400 399 395 396
52    6  -0.1572084717964737 -0.2993845523312727 -0.9410921241944493 -2.8290453778117310
 397 398 405 404 399 400
53    7  -0.4020728107415109 -0.0747883724837074 -0.9125481654157546 -2.5884456653498447
 401 403 402 409 408 404 405
54    4  -0.3555898116484233  0.0896121881362321 -0.9303362518945908 -2.4700040264732843
 406 408 409 407
55    4  -0.2576365311857944  0.1919939400662895 -0.9469750497116453 -2.5915704847114349
 410 411 413 412
56   11   0.0026056237438903 -0.0025940549593818 -0.9999932407790430 -2.2665431667269873
 386 389 390 392 395 399 404 408 406 410 412
57    5  -0.0000000000000001  0.0000000000000069  1.0000000000000000 -0.5371160352742518
 179 203 205 193 185
58    5  -0.8685780293999619  0.4954281611044172 -0.0110970279072645 -2.2165624742295797
 163 360 363 153 165
59    4  -0.7489225466435530 -0.6602640413615580 -0.0562709055715116 -3.0030864867550404
 122 124 327 325
60    6  -0.9680927412907900 -0.2485639687528026 -0.0318181975909884 -2.5691764584748356
 130 191 192 135 339 344
61    6  -0.0470280764381691 -0.9972279525554687 -0.0576608243832268 -3.2524989803228213
 89 106 98 299 307 285
62    4   0.9652370428588649  0.2478307500171113 -0.0830504090238563 -2.1239361495593290
 36 41 229 223
63    6  -0.9556498277826969  0.2939962751538396 -0.0173088663571422 -2.1309393948656306
 147 157 150 358 368 353
64    4   0.9964046908246408  0.0313132789012984 -0.0787221104080761 -2.1519649880238987
 49 52 241 238
65    5   0.3816735538837978 -0.9214414701832754 -0.0726010694976015 -3.1834338434900626
 75 82 291 296 270
66    7   0.7373980374293176 -0.6709805874793597 -0.0776478307568459 -2.8995877997130037
 69 87 76 13 280 282 261
67    8  -0.7179654615090563  0.6957569354174923 -0.0211632440459223 -2.5509525736644392
 2 378 384 370 158 200 201 166
68    7   0.9325258378270964 -0.3523721505315145 -0.0789267338401089 -2.5175104028784645
 56 176 177 65 257 268 248
69    6  -0.3674654187470631 -0.9281117035981003 -0.0598149786364401 -3.2294944339085947
 100 118 109 311 320 301
70    6   0.8735036125212355  0.4802126746913054 -0.0799201224859765 -2.2831046811449838
 5 28 31 225 232 219
71    6   0.7669034760307703  0.6344377309896282 -0.0966841452806712 -2.5549479660654075
 19 35 29 217 221 209
72    4  -0.9951715859525157  0.0940714116707275 -0.0280015002996479 -2.2092444728108838
 140 143 349 346
73    4   0.6318166193284239  0.7637350963065187 -0.1323497722327997 -2.9503570027645525
 18 208 213 23
74    4   0.9866670453685378 -0.1404235152568662 -0.0822762295357806 -2.2951962478905394
 57 59 251 249
75    4  -0.5866004659610946 -0.8073862758895264 -0.0634609709937388 -3.1390761791108246
 107 110 312 309
76    6  -0.4917649323966169  0.8621557057947757  0.1218802290384418 -2.8425875866925230
 6 168 170 25 16 14
77    4  -0.8755144764014069 -0.4813181564643635 -0.0425115733573424 -2.8228945650049724
 126 329 331 128
78    4   0.1715960851969432 -0.9832012357627871 -0.0622102366143364 -3.2402866371261583
 93 289 286 90
79    4  -0.9994886166635488 -0.0314101951751604 -0.0059920613351105 -2.2893045914989072
 133 336 342 138
80    4   0.5727292074888793 -0.8149112335969546 -0.0888872108160098 -3.0819256062284928
 78 272 274 80
81    4   0.8505804481142830 -0.5212363689800362 -0.0694661711785903 -2.7017118807413047
 66 258 265 73
82    4  -0.7994760154267011  0.6002635716840823 -0.0228417439464230 -2.3695335654971075
 159 161 373 371
83    4  -0.2177229606190599 -0.9740365338257454 -0.0620446870569814 -3.2513811512764836
 97 102 303 298
84    4   0.9259626932472902  0.3666145653589290 -0.0904812200454232 -2.1969979243065074
 42 230 227 39
85    4   0.9863971245901119  0.1403850998425254 -0.0855145387788729 -2.1211856109333356
 45 234 236 47
86    4  -0.9113363619300207  0.4114841454563715 -0.0121174858033353 -2.1566813615945954
 152 361 365 155
87    4  -0.9820512820519416  0.1873363011525911 -0.0219177939264764 -2.1528578275816610
 141 347 351 145
88    4   0.8236078423548705  0.5597233116771643  0.0915419924226187 -2.1394118179244295
 7 27 33 12
89    4  -0.6513786529750461  0.7388440518569707 -0.1726711252178216 -2.8988007029585212
 1 15 381 379
90    4   0.7032005278908680  0.7032005278915007 -0.1049668287942415 -2.7341345376086950
 20 210 211 21
91    6   0.8079276565955683  0.5869938020689780 -0.0518765654279367 -2.3973045588767437
 7 8 216 218 30 27
92    4   0.9954391157062724 -0.0469437170335283 -0.0830497101318873 -2.2108729124170514
 54 246 247 55
93    5  -0.4113265524834964  0.9109873321809232 -0.0302084065770713 -3.2404897865464091
 9 10 380 382 17
94    4  -0.4808668313441676 -0.8746935190573065 -0.0606493052900450 -3.1926038393441516
 112 116 318 314
95    4  -0.9918986016936606 -0.1253059338341005 -0.0208707188214649 -2.4145718819146760
 136 137 341 340
96    4   0.0626802798582193 -0.9962745190185872 -0.0592306109303124 -3.2503241078524705
 95 293 284 88
97    4   0.9690475020651698 -0.2326477217848439 -0.0825952558539329 -2.3927301947238782
 60 62 254 252
98    4  -0.8259175171078782 -0.5612929650184344 -0.0530137940084663 -2.9107711240920340
 120 123 326 323
99    4  -0.8351233049537780  0.5485734769197758 -0.0404500425615054 -2.3221859550049522
 160 372 375 164
100    4  -0.9294272775124237 -0.3679862913083390 -0.0274048394444894 -2.6923541263488762
 119 322 324 121
101    4   0.9473077753108028  0.3077989545936150 -0.0887005207807459 -2.1547974518628785
 37 224 231 43
102    3  -0.9981909040115282  0.0313694129109166 -0.0512920957095002 -2.2917301561863308
 0 338 337
103    4  -0.6832594598269228 -0.7275974235950481 -0.0613066043332198 -3.0694808590463687
 114 316 310 108
104    4   0.2933182918933459 -0.9534460087469692 -0.0700363337507364 -3.2167947478027274
 91 287 288 92
105    4   0.6472996082927398 -0.7578904655131868 -0.0812727468975349 -3.0068997430904947
 77 271 278 85
106    4  -0.1251543050335933 -0.9906983361538972 -0.0534154160655692 -3.2455228817962132
 104 305 300 99
107    4   0.7977185950169630 -0.5989440631162911 -0.0700789014034244 -2.7980657689306052
 70 262 259 67
108    4   0.4941406489523919 -0.8663207803028900 -0.0728925556439129 -3.1229808980075067
 83 276 273 79
109    4   0.9938983299625515  0.0782214949787687 -0.0777657213747660 -2.1263901045124665
 46 50 239 235
110    4   0.9011754362596541  0.4240609714102231 -0.0897503515805934 -2.2403725753970720
 40 228 226 38
111    4  -0.9353505455233991  0.3534395186249256 -0.0141373145703304 -2.1369425651914753
 156 366 359 151
112    4   0.8956740922580119 -0.4387862101840523 -0.0723504126463904 -2.6086043947384647
 68 260 263 71
113    7  -0.6476462270875176  0.7582963039786859 -0.0744384303405711 -2.8100052447876389
 1 3 167 169 6 14 15
114    4  -0.7601777195790898  0.6492531078112074 -0.0244997276112118 -2.4606558717350655
 158 370 374 162
115    4  -0.9684104119884857  0.2486455327237159 -0.0188857885414169 -2.1349572727571449
 142 148 354 348
116    3  -0.8908887636050878  0.4539304977246685 -0.0162577402375895 -2.1888151783637748
 4 364 362
117    4  -0.9898096988207127  0.1408707810767386 -0.0207890153513757 -2.1704523030076728
 146 352 350 144
118    6   0.8600478593221574  0.5086308861283380 -0.0401534724734542 -2.2625365975735283
 5 220 216 8 32 28
119    4  -0.2785185883716791 -0.9586672691985726 -0.0581761368500750 -3.2418150188432500
 101 302 304 103
120    4   0.9757884577605621  0.2020760750704689 -0.0836788239961446 -2.1187690485958464
 48 237 240 51
121    4   0.6569692504341771  0.7451853399254389 -0.1144124693561139 -2.8657749347057844
 18 22 212 208
122    5   0.4793844537204058  0.8719970841696858 -0.0990536760082838 -3.2684407586303230
 9 26 24 11 10
123    4   0.9934016823258723 -0.0781824079608836 -0.0839083347323994 -2.2373507667196950
 54 58 250 246
124    5  -0.9997957030195750 -0.0000000000005924 -0.0202126748253092 -2.2759360289516946
 0 337 336 133 134
125    4  -0.7069519980396483  0.7069519980381788 -0.0209223549720396 -2.5785171514762029
 2 166 167 3
126    4   0.7253420016658847  0.6811414776596527 -0.0996256394255640 -2.6691449596919785
 19 209 210 20
127    7  -0.9975027541481029  0.0627575538612204 -0.0323997669791849 -2.2377199595660096
 0 134 149 140 346 356 338
128    4   0.7873632491468816  0.6107415401172789 -0.0839874101758113 -2.4873653106919642
 30 218 217 29
129    4  -0.5347202028880017 -0.8425842153835241 -0.0642350730516063 -3.1703841335156913
 107 309 319 117
130    4   0.4387012701085868 -0.8955007079886609 -0.0749645089153505 -3.1577662039832601
 75 270 277 84
131    4  -0.8176898123196938  0.5746820253207335 -0.0335252233675421 -2.3458603353336227
 159 371 372 160
132    4   0.1095015653350996 -0.9918527707631870 -0.0650959931067308 -3.2527699571413904
 88 284 290 94
133    4  -0.9505223090922726 -0.3088434199334169 -0.0335124138451002 -2.6376873804617444
 119 131 333 322
134    4   0.9911081129745456  0.1094193543495614 -0.0757107211018388 -2.1136912310834477
 46 235 234 45
135    4  -0.7890186807543774 -0.6120256244971617 -0.0536111590947397 -2.9576230252724658
 120 323 328 125
136    4  -0.9817924832195787 -0.1872869326361986 -0.0317352289617948 -2.5009116438472700
 136 340 339 135
137    4   0.9211124598230833 -0.3815372733288476 -0.0773378653665664 -2.5474550621273186
 72 264 257 65
138    4  -0.6361985240434787 -0.7690319092062957 -0.0619787110822672 -3.1062117751976701
 108 310 313 111
139    4  -0.9041663263030864 -0.4254683774337006 -0.0382088233725540 -2.7641776345065527
 121 324 330 127
140    4   0.9566985074117920  0.2779466101990240 -0.0864502619713858 -2.1377347713867101
 36 223 224 37
141    4   0.0000000000002957 -0.9983382207114950 -0.0576263573949136 -3.2520534216138866
 89 285 294 96
142    4   0.2329008828980209 -0.9701019939853950 -0.0682590654117299 -3.2342780722301128
 90 286 287 91
143    4  -0.9758011304927501  0.2181173947054552 -0.0153933705203168 -2.1348907370953869
 142 348 347 141
144    4  -0.7802623725121739  0.6251080350539161 -0.0207502904246023 -2.4090425618940361
 162 374 373 161
145    4   0.9964656377829906 -0.0156537331245953 -0.0825299543014642 -2.1875332417702471
 55 247 253 61
146    5   0.8880264610981062  0.4524720817545234 -0.0817191508907280 -2.2559719754540137
 38 226 225 31 44
147    6  -0.7276454461215538 -0.6833045559822019 -0.0602244843276462 -3.0283532801269986
 122 325 334 317 115 132
148    4  -0.9459846016124138  0.3238829212921972 -0.0145940675425058 -2.1304495490243864
 151 359 358 150
149    4  -0.4249513573850832 -0.9030676027741649 -0.0623317629808315 -3.2171440935388560
 113 315 311 109
150    4   0.8335235548933198 -0.5475226375435229 -0.0738745207455659 -2.7390222701096589
 67 259 258 66
151    4  -0.9954698180891295 -0.0940996029089806 -0.0136053668075377 -2.3692774996354466
 139 343 341 137
152    5   0.3231320102642736 -0.9437913699710505 -0.0695956457742647 -3.2045340915451188
 92 288 292 182 184
153    6  -0.8522790237587675  0.5222772574736868 -0.0291020959136411 -2.2732903706436653
 163 164 375 376 367 360
154    5  -0.6674892532913849  0.7335611112533170 -0.1278522303180828 -2.8148589470642182
 2 3 1 379 378
155    4   0.9527595188823186 -0.2931071000333840 -0.0796085867802747 -2.4557583737843673
 56 248 255 63
156    4   0.9812234471714121  0.1712509058302165 -0.0887337251183624 -2.1241668861409062
 47 236 237 48
157    4  -0.1870629902534255 -0.9806185361422432 -0.0582642622169973 -3.2488035477735311
 97 298 306 105
158    5   0.6935107339587722 -0.7156475614111507 -0.0830146356387749 -2.9607715172497659
 13 76 86 279 281
159    4   0.6231723450879168 -0.7778462364811328 -0.0813108892447021 -3.0295447068385037
 81 275 271 77
160    4  -0.8432455175178129 -0.5351398779849841 -0.0506192470936922 -2.8833014674368509
 129 332 326 123
161    4   0.9904288410297492 -0.1093443620275027 -0.0842289816468554 -2.2663174354595039
 57 249 250 58
162    5  -0.8979508390543530  0.4399015769306635 -0.0130726147154613 -2.1736482919165940
 152 154 4 362 361
163    5  -0.8836472587672165  0.4678671398712641 -0.0163664749371080 -2.1991346084457444
 153 363 364 4 154
164    4  -0.0783391162620859 -0.9953928500809941 -0.0552816142212822 -3.2488495050709743
 99 300 299 98
165    4  -0.9237925396345834  0.3826473987350052 -0.0137226803803239 -2.1464983604074699
 155 365 366 156
166    4   0.9139151390941388  0.3954863964215251 -0.0913763031647560 -2.2193397482911488
 39 227 228 40
167    4   0.8812825536069650 -0.4666150929385191 -0.0749093835908697 -2.6444945975269425
 68 74 266 260
168    4   0.7783192854262667 -0.6235513287548570 -0.0735039477960056 -2.8336580686657382
 69 261 262 70
169    3   0.8663015839589933  0.4941296995508023 -0.0731943006795839 -2.2909015309388456
 5 219 220
170    4   0.9817188198613284 -0.1713373622035657 -0.0828955188366959 -2.3285158468538492
 60 252 251 59
171    4   0.6808173284333070  0.7249968178009880 -0.1042467240894209 -2.7931666878395616
 21 211 212 22
172    3  -0.5594312639385325  0.8231781071568782  0.0970281651158836 -2.7589254499033413
 6 169 168
173    4   0.9958937219280998  0.0469651557199097 -0.0773948885418227 -2.1408722431030642
 49 238 239 50
174    5   0.8525606506225743  0.5224498386391813  0.0136566143647098 -2.2045575618053559
 7 12 34 32 8
175    5   0.5830068925750547  0.8024401464511214 -0.1272508332918947 -3.0736463835687897
 11 24 23 213 214
176    6   0.9688898311107745  0.2326098683389778 -0.0845289555209239 -2.1227996726429872
 41 53 51 240 244 229
177    4  -0.3233362507041200 -0.9443879074838676 -0.0598761152617985 -3.2385952272093816
 100 301 302 101
178    4  -0.6116300103047987 -0.7885086580122581 -0.0645199715922100 -3.1248200385811140
 111 313 312 110
179    4  -0.9918427732623371  0.1252988810618769 -0.0234116110491742 -2.1825106825093181
 144 350 349 143
180    7   0.9967804065729093  0.0156586779090653 -0.0786360405824554 -2.1610471551251034
 61 253 256 242 241 52 64
181    4   0.5470238820029997 -0.8327642721456828 -0.0852557303413650 -3.0990654269535716
 79 273 272 78
182    4   0.9367957823866788  0.3372672345864375 -0.0930831594701588 -2.1803077158484014
 43 231 230 42
183    4  -0.9874283039955314  0.1563932792883079 -0.0229452971642902 -2.1662784115785372
 145 351 352 146
184    5  -0.4664855811478886  0.8810379483964325  0.0785069173163862 -2.9722418752977879
 9 17 16 25 26
185    4  -0.9979359671156136 -0.0627848093121032 -0.0134860393247097 -2.3344751712989789
 138 342 343 139
186    4   0.1406337806185213 -0.9881444467942848 -0.0615848359465081 -3.2442815935179921
 94 290 289 93
187    4   0.5981341831598451 -0.7966399361867755 -0.0871797626059812 -3.0583447723054427
 80 274 275 81
188    4  -0.2482633677672607 -0.9669219777537638 -0.0585421998357403 -3.2448921605688770
 103 304 303 102
189    4   0.9087761219158606 -0.4103281527643213 -0.0758733634722275 -2.5791814885016300
 71 263 264 72
190    5   0.3525337639808109 -0.9329535354062389 -0.0729221915915962 -3.1965864600392937
 182 292 291 82 183
191    4  -0.7693256803307530 -0.6364415526544195 -0.0554990778162648 -2.9812796260306396
 124 125 328 327
192    4  -0.4530461873494152 -0.8891532067718548 -0.0644649285696186 -3.2092076207013172
 112 314 315 113
193    4   0.0313554764869573 -0.9977474397632798 -0.0593032928267583 -3.2526907487204118
 95 96 294 293
194    4  -0.7057598640422970 -0.7057598640429370 -0.0616930191601391 -3.0504131244327435
 114 115 317 316
195    4  -0.9601539692923058  0.2789505146764976 -0.0170577142063932 -2.1304836263322051
 147 353 354 148
196    4  -0.8903685509660494 -0.4536654361472461 -0.0378353736065409 -2.7905222742380471
 126 127 330 329
197    4   0.8667400910835010 -0.4943798195973451 -0.0659561102814643 -2.6662595326066438
 73 265 266 74
198    4   0.4665586940865282 -0.8811760347083629 -0.0764969334543510 -3.1439892225546711
 83 84 277 276
199    4   0.9613391475891538 -0.2629926306827849 -0.0816205826927702 -2.4248833550324664
 63 255 254 62
200    4  -0.5080957899351879 -0.8591430610743195 -0.0609251086005228 -3.1800957648154049
 117 319 318 116
201    4   0.6709150063843261 -0.7373259647447416 -0.0788890101443540 -2.9806522026400266
 85 278 279 86
202    6  -0.3822456657123509  0.9228226703189417 -0.0478180947920302 -3.3113356588891270
 11 214 215 383 380 10
203    3   0.8315594853513616  0.5462324849996140  0.1006920784040380 -2.1055241013749324
 12 33 34
204    3   0.7154444355347533 -0.6933138912883090 -0.0863429661815075 -2.9382651715251171
 13 281 280
205    4  -0.8596363666720953 -0.5083875300534761 -0.0506698764644697 -2.8590989504398321
 128 331 332 129
206    4  -0.1562179968488418 -0.9863216142259735 -0.0525890746372783 -3.2438242343010621
 105 306 305 104
207    5  -0.9598812400528216 -0.2788712795090421 -0.0293055363309942 -2.5994992372100927
 130 344 345 333 131
208    6  -0.5534097170553508  0.7370725400625264 -0.3878940006683423 -3.2085795859593351
 381 15 14 16 17 382
