#WPolyhedron
#version 1
#dimension
422  213
#vertices
0  1.3469855919519222 -1.7978810829282039 -0.9247639766617466
1  1.3432175305166325 -1.8025843924209681 -0.9247639766617440
2  1.3459037367714912 -1.8001536147331398 -0.9242694891050300
3  0.3452687762379353 -0.3203205835340096  1.0464944593971879
4  0.3778228221918951 -0.2796864919746156  1.0464944593971905
5  0.2845444583754075 -0.2332972912304399  1.1767398339885278
6  0.3458973810607159 -0.3202484641767279  1.0460368672913769
7  0.3805563222317682 -0.3942137618870029  0.9707506299324338
8  0.3924175799500184 -0.4058073792570155  0.9537965366397752
9  0.4090356079777459 -0.4103789678063144  0.9375390091050626
10  0.4653480718266394 -0.4907972032567350  0.8288474792872754
11  0.4661156875741739 -0.4898390621822983  0.8288474792872715
12  0.4647072904651625 -0.4886890455021918  0.8310692344052243
13  0.5556041087239256 -0.6274750156182791  0.6482121991572021
14  0.5592948660662300 -0.6412015611457759  0.6349303006069977
15  0.7800250517144747 -0.9539756595842874  0.2087339071697036
16  0.7823727222869013 -0.9510452876997488  0.2087339071697078
17  0.6078443757897166 -0.6793630168037469  0.5633812063379267
18  0.7797742499296849 -0.9767839833361935  0.1881192883036068
19  0.7872113712877155 -0.9933842484822762  0.1643998786119129
20  0.8108874985417263 -0.9638316108785858  0.1643998786119129
21  0.8122594528645183 -0.9875651829079836  0.1471713530959502
22  0.8143133274799236 -1.0335573923451762  0.1142960773288047
23  0.8432066108930130 -1.0588852259808021  0.0727295860168521
24  0.8513707657510565 -1.0486946949335756  0.0727295860168495
25  0.8706895089304412 -1.1170233301764065  0.0021804320704773
26  0.8790453499561952 -1.1156219082932768 -0.0047097424236207
27  0.8817248719547735 -1.1210716974550365 -0.0114213404926516
28  0.8958610129229498 -1.1034269092401006 -0.0114213404926614
29  0.9059566453994651 -1.2227237315387003 -0.1166744588252238
30  0.9108996707640438 -1.2383092325547187 -0.1340349966784620
31  0.9399169051255137 -1.2910214057271427 -0.2050012889918239
32  1.0531396999306739 -1.2713890281785407 -0.3021105798326234
33  1.0295347301507434 -1.3233290145841465 -0.3200462771289265
34  1.0682497808741103 -1.2750047320035840 -0.3200462771289258
35  1.0514276215519471 -1.3934363644701877 -0.3730555357178290
36  1.0613573762620874 -1.3921578124580662 -0.3791031151718669
37  1.0831875879947328 -1.3649092540589167 -0.3791031151718690
38  1.1068350793364583 -1.4350804085610198 -0.4448304681812622
39  1.0985039811000845 -1.4534124678453182 -0.4500610337432049
40  1.1024182384156589 -1.4562574267776540 -0.4551581520843480
41  1.1151964254455580 -1.4403076421496452 -0.4551581520843476
42 -1.2074401415935212  1.2657095524672217 -0.9701316194288834
43 -1.1910727241495351  1.2764609361757309 -0.9701316194288815
44 -1.2049613577873410  1.2690272169671502 -0.9698435187102164
45 -1.2066475206877743  1.2676399054950092 -0.9698912185583328
46 -1.1774822306769661  1.2828081378839504 -0.9354896623163409
47 -1.0827500244588331  1.3401309117033560 -0.8696364405810734
48 -1.0558230616607176  1.3578186202339031 -0.8696364405810734
49 -1.0923191626293620  1.3302007277369015 -0.8633350626669604
50 -0.9842420209136965  1.3856507445814734 -0.8364598928953744
51 -0.8716783846440137  1.4595912333177683 -0.8364598928953744
52 -0.8346276083311317  1.4787465193772136 -0.8121829879835502
53 -0.7744329986398022  1.5092086308802626 -0.7696565362989852
54 -0.9029732674203924  1.4135519291850902 -0.7170906645107628
55 -0.5725753019999331  1.6305828269977438 -0.7170906645107628
56 -0.8193674230021628  1.4900326000108697 -0.6810861061521061
57 -0.7264195592354734  1.5510879345901294 -0.6810861061521061
58 -0.8272134081325657  1.4853757434443697 -0.6720606965461415
59 -0.7295401548004037  1.5520719912390533 -0.6259902212262133
60 -0.7118277304087042  1.5637068793754778 -0.6259902212262133
61 -0.7242613450778613  1.5537733292591573 -0.6172841382246580
62 -0.6001078739957774  1.6247832922934702 -0.5653114901009928
63 -0.6189784331139947  1.6054535544507293 -0.5311312692868669
64 -0.4825358251566400  1.6950795957830376 -0.5311312692868669
65 -0.5760535144670468  1.6391913580721142 -0.5148366834531200
66 -0.5923349263095583  1.6377263617998881 -0.4876960311890751
67 -0.5882081799392722  1.6407903789437932 -0.4866572894079640
68 -0.5765286423100855  1.6484624011805926 -0.4866572894079640
69 -0.5376671740837935  1.6140876272971252 -0.3577448691369380
70 -0.5040904675011895  1.6361434010545119 -0.3577448691369380
71 -0.4855275531077559  1.6623017459100955 -0.3877978750547897
72 -0.4787645640304989  1.6753871456681091 -0.4063979779095263
73 -0.4616056519162692  1.7123482505587402 -0.4616838752511241
74 -0.6607240879199707  1.4706403168672968 -0.2945048203525643
75 -0.6593123384184848  1.4689904025039073 -0.2919017921567144
76 -0.4824686360118307  1.5851550025400711 -0.2919017921567144
77 -0.4868522905384615  1.6016699053338914 -0.3114901254182630
78 -0.6562952422413985  1.4713176573568867 -0.2886667065819625
79 -0.5749952162806977  1.5276794992732383 -0.2609636797416280
80 -0.5319842342481898  1.5559324336835334 -0.2609636797416280
81 -0.4903258112597686  1.5806725198846963 -0.2855446676420667
82 -0.5788980355263850  1.5026431192902092 -0.2218966904769721
83 -0.5526621147889073  1.5132870998864090 -0.2104408576601644
84  2.2386986892241403  1.4244717188124645 -1.1805973814496336
85  2.2339121383432854  1.4280655628707635 -1.1805973814496338
86  2.2357080605535469  1.4273587713538423 -1.1806901080970422
87  2.2446942806558821  1.4183058911712587 -1.1835772929741157
88  2.2385265420328415  1.4085061182137182 -1.2094165981154248
89  2.1970700289482377  1.4011197729465905 -1.2783770336251448
90  2.0710044006366246  1.4957725240696265 -1.2783770336251448
91  2.1252032151607021  1.4742392742914232 -1.2440687418999221
92  2.1898276919334161  1.4402466885912129 -1.2180535979021554
93  2.2231611949900794  1.4340293126893218 -1.1843724501563246
94  2.1610408533315706  1.4436383187381796 -1.3332446058898577
95  0.2841162115827388 -0.2329512476693113  1.1774133307538095
96  0.2990867364518044 -0.2875829380008508  1.1149318950927034
97  0.3258973602403585 -0.3384470828853653  1.0460368672913782
98  0.3595800341968188 -0.3792340535835613  0.9950604861216919
99  0.5472092463804511 -0.6351137526112300  0.6482121991572082
100  0.4808440042032241 -0.5487295946380476  0.7693805553941676
101  0.7721828459352906 -1.0240320893773327  0.1471713530959505
102  0.7670197815658805 -1.0114819191440518  0.1646792860428928
103  0.7823914664027356 -1.0357154516660092  0.1327655708193859
104  0.8641103231739828 -1.1292117370366619 -0.0047097424236208
105  0.9577628177446662 -1.3581753134585632 -0.3021105798326235
106  1.0231620045798024 -1.4191560969875070 -0.3730555357178264
107  1.0743202505286717 -1.4646666263537043 -0.4448304681812522
108  1.0444955781220182 -1.4489238008418379 -0.4113983298263127
109  2.2643847060455924  1.3150003959903209 -1.0208045025699011
110  1.6989987732136029  1.5185518568585048 -1.0208045025699011
111  1.9867991607818432  1.3991716211746503 -0.9809588391747675
112  2.2357000807463390  1.3053017316912190 -0.9701921701767855
113  2.2687628956045773  1.3751068602268415 -1.1022586851096923
114  2.2620622577723539  1.3935064936287764 -1.1233704168446046
115  2.2108955568218898  1.4178072073541743 -1.1311345925703105
116  1.9425517273845827  1.5386920664155332 -1.1631907613264494
117  1.6147510432935139  1.6567075744882376 -1.1631907613264494
118  1.3915928553716128  1.7276289131261742 -1.2180535979021554
119  1.5673158000495793  1.6733232500258939 -1.1658816947051920
120  2.0863356418980579  1.4855159851348640 -1.1714062325422072
121  1.9642576535618339  1.5476120190259275 -1.2814889399796625
122  1.7962989234971709  1.6046533466556396 -1.2731759625444419
123 -1.0947083078031974  1.2627296295691575 -0.8102927448571605
124 -1.0923714765235104  1.2583281760546328 -0.8053196894707402
125 -1.0842986260200680  1.2690802034274105 -0.8053196894707455
126 -0.9840713162176774  1.2738238176137457 -0.6621335894806958
127 -0.8280115117392610  1.4816759621351221 -0.6621335894806958
128 -0.8396770872859152  1.4750648913371920 -0.6720606965461420
129 -1.0528837871098613  1.2788541052448503 -0.7696565362989852
130 -0.9455910766545537  1.3210508957503748 -0.6278509659313754
131 -0.8408394982442180  1.4605668991655825 -0.6278509659313754
132 -0.9053534951752509  1.3362933274937774 -0.5784243109838075
133 -0.8182226482469568  1.4523407200208804 -0.5784243109838075
134 -0.8310037443254813  1.4654683369157246 -0.6172841382246580
135 -0.8601014155898624  1.4038502184385777 -0.5428885025817521
136 -0.8533472129111178  1.4128459718037769 -0.5428885025817521
137 -0.8394006933608024  1.4268230559599395 -0.5653114901009928
138 -0.8039246486802836  1.4298601573131009 -0.4757636207023604
139 -0.7798889924513888  1.4618726457873212 -0.4757636207023604
140 -0.7809361311652404  1.4769564790862622 -0.4984250767549301
141 -0.8189712124847839  1.4382323613216377 -0.5148366834531200
142 -0.7513209526952029  1.4074845302901737 -0.3943226845371212
143 -0.6658994795051357  1.5212552507525743 -0.3943226845371212
144 -0.7624883734235691  1.4773903885185036 -0.4690168680393090
145 -0.7063199813610389  1.4596697982675990 -0.3530197153194559
146 -0.6971415477646634  1.4724155618226253 -0.3557974649806848
147 -1.1181899095448387  1.3087985845923533 -0.8633350626669604
148 -1.0961829961416665  1.2623690847234106 -0.8121829879835557
149 -1.1048267841868751  1.2782724161062662 -0.8304279186156934
150 -0.7791585533310239  1.4786594823909678 -0.4978994923897804
151  0.3076537216533152  2.0399451186876543 -1.1650241703755144
152  0.2884703851042758  2.0443122690555100 -1.1650241703755144
153  0.2894634854460615  2.0446524780758955 -1.1650225817219408
154  0.4069500192612358  2.0162229739189916 -1.1676690906972025
155  0.5500769560842956  1.9803815844472237 -1.1753837104833391
156  0.9298353668025519  1.8686702824133421 -1.2351910114910796
157  0.2522428178385354  2.0229264798114932 -1.2351910114910796
158  0.2557165894914907  2.0254606616877835 -1.2273179083348098
159  0.5805214643718232  1.9704593966696911 -1.2811937127488116
160  0.3161915041730179  2.0377565614307409 -1.2959068184322251
161  0.2538751809180501  2.0236001589556083 -1.2373505762635941
162  0.1111250398448571 -1.1050370816289199 -3.0800341967784934
163  0.0243559991779399 -1.0853485485720666 -3.0799474589740488
164 -0.6058076321770871 -0.9226835532549909 -3.0793260368989390
165 -1.0783163483410789 -0.7937601334258462 -3.0788630920893567
166 -1.1090711531182997 -0.7226982609250576 -3.0788600798233867
167 -1.1206390898428553 -0.6709046105261056 -3.0788697933768807
168 -1.0272113443517279 -0.3677779350244735 -3.0791035364992072
169 -0.6049075546995035  0.9383124282511439 -3.0801323531568214
170 -0.5767701190031636  1.0203514239575264 -3.0801987449204944
171 -0.4052774282581205  1.0201901053490348 -3.0803869452719916
172 -0.2749010015660702  0.9904146419583233 -3.0805171916373144
173 -0.2024679018900728  0.9691684775784677 -3.0805875169372641
174  0.5597185580268501  0.7358192381308282 -3.0813232899686533
175  0.5839645292530808  0.7181830376170260 -3.0813422760750373
176  0.5856721905920921  0.6911859673136879 -3.0813324680775782
177  0.1784702249375276 -0.8602296147144740 -3.0802140685548620
178 -0.3998111660978512  1.2621739850642837  0.0915395889031810
179 -0.3792496245680848  1.2175732842465712  0.1403379099566797
180 -0.2982168153122494  1.0505898018611810  0.3219097727715268
181 -0.0032107205464459  0.5119200950064061  0.8982885748533670
182  0.0098158935914161  0.4903729640281819  0.9210028647980038
183  0.0430246954844292  0.4455468373032821  0.9665571995709900
184  0.0745428898372127  0.4136365133272759  0.9967936119322371
185  0.1722161934392814  0.3267711936156721  1.0757975010155147
186 -0.4028170289823234  1.3470567136004186 -0.0113853371850693
187 -1.2027433494135282 -0.7780473317373271 -0.1777144936898278
188  0.1211420629915529 -0.1448624906799136  1.2715290353620179
189  0.0608858479252618 -0.1651172934695482  1.2175290644037238
190 -0.4856721116270505 -0.3892868036128977  0.6712265576629047
191 -0.4919353899689350 -0.3922881149628913  0.6643622160276034
192  1.6581794657865725 -1.1982791066675045 -1.1085030961157953
193  1.8204354774411273 -0.6436007178689714 -1.0879507878114500
194  2.0007599652789523 -0.0313459380197548 -1.0542488529111878
195  1.6389868220930119 -1.2700180263286607 -1.0950545752256149
196  1.5643255907451910 -1.5223270866810195 -1.1120864225547060
197  1.5707626263362173 -1.4992381336601448 -1.1140792172740712
198 -1.7298826140844727  0.8697324716204361 -1.5300081962568937
199 -1.7282685470599053  0.8749041861644734 -1.5297475617416088
200 -1.7272936053331409  0.8779992823472500 -1.5296340408111451
201 -1.7105123544337957  0.9299938162063591 -1.5296340408111451
202 -1.6960125691894365  0.9396804404378086 -1.5834274961008792
203 -1.7524466073117300  0.7541415661981190 -1.5997389256586492
204 -1.8425222905709537  0.5014244629772396 -1.5594832431459289
205  0.5864966433146688  1.9687107169291163 -1.2811937127488116
206  1.0112003141566781  1.8444948001064847 -1.2731759625444417
207  2.1533544373364757  1.4455837714211672 -1.3456874207092526
208  2.1462759989124223  1.4392677064921968 -1.3579851350618062
209  1.8849673089162962  1.3204527683087648 -1.6461091013698179
210 -2.0535083570441639 -0.2314582617917868 -1.5577548742537302
211 -2.2155206884685335 -0.9683939771270173 -1.5008097801147899
212 -2.2179728475122897 -1.2222738919422198 -1.4073405999116910
213 -0.4866324028897568 -0.3866786947183850  0.6699559696862983
214 -0.1424351521564591 -0.1051394882370875  1.0388945784478303
215 -0.0669628605968411 -0.0134899239527423  1.1083779341737177
216 -0.0604954850731965  0.0170721394422255  1.1056681550599254
217 -0.0736250511427576  0.0959377876900321  1.0574077656804972
218 -0.2131164896868663  0.4132151714500625  0.7433066433799032
219  2.0304485598692330  0.0716880649728219 -1.0503043907037988
220  0.4481155391905513  0.0048117148573603  1.0755121294284056
221  0.3136231635631544 -0.1474344277522201  1.1930831734550298
222  1.3490423777195109 -1.8048692799995967 -0.9305740370291860
223  1.4206189543946270 -1.8490105265386372 -1.0470467259572958
224  1.4306784201936829 -1.8381623259255369 -1.0560727362569564
225  1.4979511729435022 -1.6968638804688971 -1.0868273195048290
226  0.2942914465543240 -1.3921122175419192 -2.7512189318985647
227  0.6704446449736841 -1.9841576295870145 -2.0726040065294353
228  0.7779203058138622 -2.2098652609164984 -1.8029332104201625
229  0.7667211047055573 -2.2324599068243693 -1.7692389320925279
230  0.7569847155848033 -2.2361817595265086 -1.7612812568605996
231  0.7480766935125627 -2.2333575292314851 -1.7623483187707880
232  2.1476688319525699  1.4171292592756675 -1.3579851350618060
233  2.1796471566016113  1.3885462416880758 -1.3083389621864308
234  2.2920157806237600  1.0214261091655732 -1.0457121537095715
235 -1.6911136348044966  0.9581997227798216 -1.5429138365141908
236 -0.3624477512949949  1.7574024018662926 -0.5561194058415920
237 -0.7646542173166770  1.3604612309935642 -2.6405824379459055
238 -0.7851947176212515  1.3488508116866500 -2.6472570260817392
239 -0.7986283074995542  1.3429740820791622 -2.6318474433125907
240 -1.6881708456847568  0.9581633804470559 -1.5615388093101648
241  1.2644591373097682 -2.0725963731877171 -1.2942724529092677
242  1.3542996382781705 -2.0262179042490804 -1.1914070104314949
243  1.3555957205718920 -2.0238118164573655 -1.1872494387139194
244  1.2903248309064099 -1.8364747593363704 -0.9217734025807729
245  0.5236816877229247 -0.6278582842881039  0.6698823729104928
246  0.2312608769782964 -0.1848225344879594  1.2493332526452317
247  0.1913687764429931 -0.1475051143883601  1.2927935497243368
248  0.1702209946956535 -0.1426546213758052  1.2928491608541601
249 -1.3943368629200092 -1.7217527826556489 -1.6859038271082849
250  0.6976157246487142 -2.2322992394326961 -1.7387079862936710
251  0.8758937443537963 -2.2305385321524400 -1.6735290610313951
252  1.1147846318789698 -2.1382461588007837 -1.4477660025995145
253  0.3752573397042771  0.2328969997455855  1.1197605298247191
254  0.4836058298653417  0.2513496458374460  1.0544659367972009
255  0.5328995376234231  0.2638773860101240  1.0195255751908301
256  0.6375927306644041  0.3024322716143976  0.9301844042417767
257  1.4399426240665338  0.7608887138648199  0.0390655724985271
258  1.7162176506913023  0.9215213346931555 -0.2712854377791871
259  1.4185434241110804  1.7187720413674024 -1.1658816947051920
260  0.2264042123415568  0.0943153716466170  1.2449889596116988
261  0.1843532257269728  0.0235294333660540  1.2748329348600886
262  0.1771725735928523 -0.0188051011278362  1.2907227210213197
263  0.1930911062849479 -0.0335082564364581  1.2942341652627773
264  0.2147769619119115  0.0282003400189861  1.2698495105122569
265 -2.0850669219109843 -1.4220389919639502 -1.8485213286459929
266 -2.0514142785932035 -1.3899469192906677 -1.9042420652059944
267 -1.8208994682139852 -1.2196278722792084 -2.2208182037184923
268 -1.1871671377687887 -0.8441887664658553 -2.9691136570410253
269 -1.1133280092834021 -0.8101894800504184 -3.0434863984312099
270 -2.1330746588782108 -1.4775338033034271 -1.7562588062902977
271 -0.6331226044105951  1.1494176470508575 -2.9296252383686134
272 -0.6069562006965001  1.0781424458759032 -3.0127775667926269
273 -0.7428740515061576  1.2971192215024745 -2.7282508145084572
274  0.2537208497135625  0.1613184804300985  1.2125879209311072
275  0.2518745621822659  0.1865929847959381  1.1963257876164690
276 -2.0869574308322139 -0.5622536439584533 -1.7343452350558317
277 -2.0783649449928516 -0.5188918095147673 -1.7270580847194517
278 -1.8613593762718388  0.3650651060986195 -1.6349438658362998
279 -1.7731219322431864  0.6621574910943422 -1.6246263586368161
280 -1.6759015866620206  0.9247796202393981 -1.6414314398200982
281 -2.1000575433231656 -0.3792698161187353 -1.5757542129876558
282 -2.0964908201145533 -0.3664975114781326 -1.5762904261905430
283 -2.2038198266605140 -1.1061146127980159 -1.8021953447740049
284 -2.2219040407845907 -1.1148460194651693 -1.7613064779778225
285 -2.2019287426313174 -0.8186300769061131 -1.6112371867389181
286 -2.1585459845178510 -0.6040232263134404 -1.5773904556392682
287  0.8472156389149765  1.8934217795983035 -1.1753837104833393
288 -1.1542693974319505 -1.7537960841765068 -1.7447082768207871
289  0.7487173356133123 -2.2415899427062014 -1.7463178713403000
290 -1.7910313127053334 -1.6227706165748845 -1.6801980292004619
291 -2.0367424500437026 -1.5594194963381105 -1.6807210362057479
292  0.1932587391951658 -0.1442504019397796  1.2944506432333573
293  0.2111749753131127 -0.1390773309674449  1.2911592639326537
294  0.2154930141880725 -0.1211398176856783  1.2914331750882679
295  0.2148334096907150 -0.1113440220352274  1.2921928528696556
296  0.1935107461297630 -0.0670601519461115  1.2993350974335331
297  0.1712297442666385 -0.0964225503771358  1.3019622828793462
298  0.1637922782214521 -0.1211697132967620  1.3018836316693920
299  1.3627637765268399 -2.0216723381570558 -1.1914070104314947
300  1.3707028641635743 -2.0132043697373803 -1.1811850458188511
301  1.3688577286809309 -2.0101521835295486 -1.1713551963183213
302 -0.4713062754154025  1.3855253452824032 -0.0503106983146590
303 -0.4703730367710642  1.3829604073367348 -0.0476217428305523
304 -2.0604955920385790 -1.5531328017945147 -1.6804334383939261
305 -2.0844949874256580 -1.5317460355700701 -1.6488515183460350
306 -2.2272468588540111 -1.4684581167914352 -1.6046342489112158
307 -2.1834608650027718 -1.5057066474022500 -1.6582752392728308
308 -2.1188762542956097 -1.5360007441347054 -1.6820125765196334
309  1.2032187296930026 -2.0984335667335601 -1.3677440500740752
310  1.2697332486596054 -2.0697639735962818 -1.2942724529092664
311 -0.2919559740044169  1.0320044805624073  0.3400566146923972
312 -0.0188789998018150  0.5341243255344249  0.8729722847021316
313  2.2789910704303726  1.1612750824753528 -0.9339798516965181
314  2.2719195933232537  1.1343919113981298 -0.9339798516965182
315  2.2597116028114699  0.8755600377873936 -1.0257485573104199
316  2.3084081386304676  1.0562386313648422 -1.0276700764347320
317  2.3084575171868105  1.0576376961822751 -1.0271467603485538
318  2.2853762760354668  1.1553773377886327 -0.9470145077960690
319  1.5226953472038225 -1.6513130079545726 -1.1120864225547060
320  1.4075278387942252 -1.9379344808383574 -1.1565795248738657
321  1.3576792792988857 -2.0242511849446254 -1.1997560624905490
322  0.2442682988918394 -0.1560340063209523  1.2654645193538669
323  0.2534629465006965 -0.1458392715494860  1.2610082524374975
324 -0.4237288154253118  1.6267646422233566 -0.3604943345189861
325  0.2696581530409463  2.0395467898011628 -1.1513591670119221
326 -0.6216507414421220  1.4396432624155473 -2.5719677528435514
327 -0.6310490310274364  1.3616195863325651 -2.6820624808247535
328 -0.6520059026326150  1.4205314624212146 -2.6077062451933815
329  0.2661107199717459  0.1705850790605535  1.2041113523312161
330  0.2993907380418748  0.2189180942543676  1.1659299587356755
331  0.2733650459971996  0.2265347030368488  1.1659299587356755
332  0.9932609443657047 -2.0499378179417325 -1.6476955525297701
333 -2.2341365467545016 -1.4630201750275795 -1.5988680760670073
334 -2.0466171032487144 -1.2754790432594822 -1.2444735028102067
335 -2.2425978420060528 -1.4365855699920436 -1.5643448177563262
336 -2.2395898420473133 -1.4588688417179523 -1.5952703892949445
337 -1.9782115437666954  0.0436264527046625 -1.5762904261905430
338  0.2805681594428797 -0.1294256115883965  1.2401292657726621
339  0.6839060166460959  0.3051921621439910  0.8803459831796860
340  0.6043392695131129  0.2703820910869377  0.9679970916285443
341  0.5924839904221465  0.2620209726422382  0.9800174203276258
342  0.3480411462263217 -0.0269993281310914  1.1896745323747613
343  2.2513213226841726  1.2092449393984868 -0.8805513698804146
344  2.1945906491888580  1.1917796466894219 -0.8114097547393913
345  1.0471072980800822  0.5211349543594173  0.4763940717745797
346  0.2507292832285007 -0.1829176307125933  1.2430071461504233
347 -0.4115089410192385  1.3848654986413080 -0.0563849099771707
348 -1.7010034084306467  0.9469923173152286 -1.5239320315379385
349  0.1553330131124084 -0.0583793912876053  1.2949278749757944
350 -0.3624279322846372  0.9753442549937113  0.3138378234177273
351 -0.4319784166733584  1.1543152875727138  0.1467472687778892
352 -0.5476268554740273  1.3777209201754821 -0.1015856982280485
353 -0.6082867488429602  1.4786599986311173 -0.2253818087199040
354 -0.6650773859997752  1.4699745305051817 -0.3002433471181737
355 -0.0847027148590259  0.1830101165347194  1.0065316313571295
356 -0.1761333553675692  0.5220307310617989  0.7457256196944664
357  0.1484806021584120 -0.0656060874987527  1.2936795003699804
358  0.1438518112613426 -0.0792390452663936  1.2934970024136874
359  0.1514139925462265 -0.1249592977101612  1.2989290040042982
360  0.2270242581654648  1.9948572753952547 -1.3968047464224562
361 -0.4845151011692953  1.6157981832368011 -0.3289477578776588
362 -2.0951624654587078 -1.2684316556067765 -1.9042420652059944
363 -2.2159780708805177 -1.4845298162594174 -1.6594318124036791
364 -2.2313865208290160 -1.4722647052800188 -1.6458823567188521
365 -2.2653355043269778 -1.4380667266939557 -1.6192130286085447
366 -2.2853739634501880 -1.3916174027481689 -1.6151261878166978
367 -2.2774924833349091 -1.3380720062767870 -1.6486019042290763
368 -2.2755913520640494 -1.3318528613914469 -1.6537049940406001
369 -2.1936835405863784 -1.1630418804717131 -1.8295741695039258
370  2.2862761601888275  1.1639858059698616 -0.9501386787959132
371  2.3057897425804392  1.1386924836029046 -1.0178849192236585
372  2.2751397713534449  1.3531813838911912 -1.0832249383772150
373  2.2650831007675039  1.2285425107189896 -0.9130090560133088
374 -2.2861592983388452 -1.3885745950207646 -1.5800740371869653
375 -2.2858644486780455 -1.3891581797132533 -1.5772832179483582
376 -2.2701925433262318 -1.3167477057102246 -1.5069009042912975
377 -2.2669619906754250 -1.2281235593397473 -1.5479393444728058
378 -2.0238715369580214 -1.0928709834886103 -2.0387228921435181
379 -1.8387517950380190 -1.2148568334897007 -2.2033156026139586
380  2.2494708693874155  1.4157762475019218 -1.1659908692660867
381  0.2977215231389629  0.1545049931566406  1.1941801130578211
382 -2.2235597012500570 -1.2515612048764768 -1.4073405999116910
383 -2.2333111050236019 -1.2595783842860491 -1.4240552763051859
384 -2.2660528417760193 -1.3046483749806961 -1.4934475678938706
385 -2.2783953423252314 -1.4065730794382580 -1.5817022033700452
386 -2.2443040516801123 -1.4345854244271381 -1.5642385762289768
387 -2.1324829256960891 -1.2654416749041761 -1.3161203884572579
388 -2.1516211139438783 -1.2363065677713383 -1.3161203884572572
389 -0.1704165008791915 -0.1739105280980977  1.0121640115113058
390  1.3914823243564343 -1.9137568160837797 -1.0749314263443663
391  1.3732453635566946 -1.9704416225809236 -1.1185829297849998
392  2.3076384798779661  1.0571880479493374 -1.0303739722409184
393  2.2409455986974867  1.3700563135778356 -1.2094165981154248
394  0.8472843052151093 -2.2378693508310685 -1.7029076914529508
395  0.8451110471126626 -2.2374307253843728 -1.7057655987091693
396  1.3490550396287007 -1.8149073911267486 -0.9397254491372363
397  1.3146996430149718 -1.8613329925067106 -0.9600195975941201
398 -2.2440890448914184 -1.0573946992747520 -1.5870412229228297
399 -2.2088599115723269 -0.8349667054201824 -1.5870412229228301
400  2.2366759919006971  1.2378376693632478 -0.8866553014401617
401  2.2585934970902346  1.2237496051767227 -0.8982903906817462
402  0.2274353466486342  1.9968861615266706 -1.3814044712780464
403  0.1452186995098237 -0.1364783311377916  1.2931139659725972
404 -0.7319169600041191  1.3787022041509915 -2.6303009654376974
405 -0.6662131938553504  1.4129617397264551 -2.6128436917805207
406 -0.7593021498171559  1.3223867136977927 -2.6944148754875505
407 -2.2651320280863532 -1.4381732942983370 -1.6088333531045054
408 -2.2490230989537503 -1.4542486141955526 -1.6052335402216280
409 -0.5100400403308441  1.4615002736678024 -0.1382892634015629
410 -2.2040124981639058 -1.4934909319488503 -1.6663922304270913
411 -2.1620110580805552 -1.5099833336549082 -1.7013513674289440
412 -1.9303715497405822 -1.1775752139318247 -1.0527511424924960
413 -1.8934905512518083 -1.1497324482154918 -0.9968291225819421
414 -2.1887667137921158 -1.1480232657125784 -1.8397789219503045
415 -2.2536971731035629 -1.2353473487885391 -1.4748950694697434
416 -2.2571592228334496 -1.1505266617488785 -1.5479393444728058
417 -2.2357779240399362 -1.0228777020682946 -1.5208622183855494
418 -2.2281087460777491 -0.9734899583260129 -1.5244239537596911
419 -2.1996536769824804 -0.7820776980410770 -1.5677415619320134
420 -1.6876130823738167  0.9506019027205606 -1.5941487700277401
421 -1.6655198143452608  0.9551022958220072 -1.6414314398200982
#facets
0    3  -0.5080654033102520  0.4070371417754801  0.7590720065806923  2.1181236026536254
 2 0 1
1    3   0.6148891925580029 -0.4926191348924212  0.6158227576285320 -1.0145531916141493
 5 3 4
2    6   0.5591925410902380 -0.4479977029425249  0.6975684626954286 -1.0665761412330332
 9 4 3 6 7 8
3    3   0.6039670783525036 -0.4838688714038273  0.6333203640755026 -1.0434623915313774
 12 10 11
4    7   0.5908221407282347 -0.4733377905538131  0.6533609523524807 -1.0487873862019930
 17 11 10 13 14 15 16
5    5   0.6446734421342165 -0.5164808183260797  0.5635988975397698 -1.1132137643249593
 20 16 15 18 19
6    6   0.5733517738098809 -0.4593413873940682  0.6784343986679595 -1.0191860677915434
 24 20 19 21 22 23
7    6   0.6036972725180767 -0.4836527161708373  0.6337425765204721 -1.0672660820556961
 28 24 23 25 26 27
8    8   0.6143196852069479 -0.4921628734684474  0.6167552434690099 -1.0863666421257254
 34 28 27 29 30 31 32 33
9    5   0.5122963822387651 -0.4104267950736091  0.7543886681483749 -0.8291173191799411
 37 34 33 35 36
10    6   0.5662922154536717 -0.4536856146594138  0.6881006392728335 -0.9717792969394123
 41 37 36 38 39 40
11    4   0.5913343276545431 -0.4737481296579588  0.6525997414824307 -1.0447608876601902
 40 1 0 41
12    4   0.1097582748479227 -0.1670910043837157  0.9798131032786044  1.2945628999245602
 45 42 43 44
13    5  -0.5479621593031006  0.8341926628225107  0.0621294878859648 -1.6572033484522517
 48 43 42 46 47
14    5  -0.4943004499921607  0.7525005178055372  0.4352126329048202 -1.1651762643277397
 51 48 47 49 50
15    6  -0.5404869468830991  0.8228127395051451  0.1756503798943351 -1.5251765520706737
 55 51 50 52 53 54
16    4  -0.4909555558254691  0.7474084030958115 -0.4475972756685116 -1.8207881603294906
 57 55 54 56
17    5  -0.5484422553873883  0.8349235392603880 -0.0459758207594172 -1.7247525022148704
 60 57 56 58 59
18    6  -0.5412967319652010  0.8240455194745705  0.1671730534436651 -1.5692269752051020
 64 60 59 61 62 63
19    6  -0.5281039989010907  0.8039615028361536 -0.2734082447588408 -1.7628235062031443
 68 64 63 65 66 67
20    7  -0.5117804062269923  0.7791112079599392  0.3620311332376529 -1.4032065054405760
 73 68 67 69 70 71 72
21    6  -0.4229749930446534  0.6439178869652056  0.6375436534898141 -1.0386816926774796
 77 70 69 74 75 76
22    6  -0.5468498952015798  0.8324994025549252 -0.0888815890030870 -1.6094232107324169
 81 76 75 78 79 80
23    4  -0.4948049432932437  0.7532685354561595  0.4333065676680920 -1.3221860980947282
 80 79 82 83
24    3  -0.1067778695573506 -0.1422147698383085 -0.9840596759407583 -0.7201538823575528
 86 84 85
25    9   0.5482304408636952  0.7301743918377678 -0.4077851655157950 -2.7488656389302726
 93 85 84 87 88 89 90 91 92
26    3   0.5857218741292323  0.7801082927000805  0.2199112044146574 -2.0987676957298751
 90 89 94
27    6   0.5234950414536630 -0.5753135386839469  0.6284642183771345 -1.0227155832166470
 97 6 3 5 95 96
28    4   0.4672911778693947 -0.5135462991003004  0.7196590538343963 -1.0788871103791238
 7 6 97 98
29    7   0.5012621280521906 -0.5508798858861259  0.6672837704505318 -1.0567081431993370
 99 13 10 12 9 8 100
30    3   0.4875907221377047 -0.5358552069634608  0.6892854886441309 -1.0539464253950672
 14 13 99
31    5   0.5439307501607734 -0.5977720893115919  0.5889039550466548 -1.1188215881478394
 101 21 19 18 102
32    4   0.4579839987422031 -0.5033178427924726  0.7327494838093259 -0.9769007427298240
 103 22 21 101
33    3   0.5602202863307604 -0.6156740558162845  0.5541648561377808 -1.1767085289539763
 104 26 25
34    4   0.5079334068448577 -0.5582115255500407  0.6560514819387825 -1.0661596732432519
 104 29 27 26
35    3   0.5681050315303018 -0.6243392776487063  0.5361502956588258 -1.2300953931994887
 32 31 105
36    5   0.4191681585666262 -0.4606597914260306  0.7823621996282729 -0.7907605355065960
 35 33 32 105 106
37    6   0.4882564195128576 -0.5365867988263749  0.6882443433329095 -1.0043124818483691
 107 38 36 35 106 108
38    3   0.3698478718390405 -0.4064575040320177  0.8354668450107371 -0.6210186917022966
 39 38 107
39    4   0.3174533855813502  0.8817606995894526  0.3488859650981363 -1.5222078962660133
 112 109 110 111
40    7   0.2758752412758787  0.7662729609934876  0.5802745906045247 -1.0399900094488448
 117 110 109 113 114 115 116
41    7   0.3344018381125955  0.9288368375034990 -0.1594915043612542 -2.2643057855103987
 93 92 118 119 117 116 120
42    5   0.3158068766358235  0.8771873450573242  0.3616744092976564 -1.5143899972389083
 92 91 121 122 118
43    3  -0.5922821263179543  0.4446979993498835  0.6718969952444303 -0.6654762436949432
 125 123 124
44    6  -0.7036846784675733  0.5283414014754762  0.4750612979152455 -1.0509357263607066
 129 125 124 126 127 128
45    4  -0.7977062874265631  0.5989348223163983  0.0702976359272064 -1.5013908920793715
 131 127 126 130
46    5  -0.7248868598228757  0.5442604495297893  0.4222790588387759 -1.1393139856209644
 134 131 130 132 133
47    5  -0.7936917881629036  0.5959206510091808 -0.1221962483203428 -1.5855777049039981
 137 133 132 135 136
48    6  -0.7328786390051681  0.5502608470695835  0.4001273555659459 -1.1856092243155549
 141 136 135 138 139 140
49    5  -0.6608223903061690  0.4961594852129733  0.5631514305257855 -0.9727631239552999
 144 139 138 142 143
50    4  -0.7946569035306773  0.5966452801244340  0.1119589897072652 -1.3926634142928438
 143 142 145 146
51    4  -0.6189337770439398  0.7481624151001367  0.2391108116870788 -1.4648466665030522
 49 47 46 147
52    6  -0.4567123831052518  0.5520704350344561  0.6975901618279806 -0.6309861362432360
 148 52 50 49 147 149
53    6  -0.6015771986082875  0.7271819158578644  0.3306226479899565 -1.3088845753903329
 129 53 52 148 123 125
54    6  -0.6297524325403471  0.7612399231058924 -0.1546791943968248 -1.7556207798519501
 128 58 56 54 53 129
55    7  -0.6203928175869623  0.7499260921474851  0.2296162193811920 -1.4728032473333617
 134 61 59 58 128 127 131
56    5  -0.5768960418720480  0.6973475223958566  0.4253203379580202 -1.2387999864941419
 137 62 61 134 133
57    6  -0.6351960738181609  0.7678201550408903  0.0835353656781159 -1.5815040227784745
 141 65 63 62 137 136
58    5  -0.6033495594221074  0.7293243320517518 -0.3225760806730945 -1.7091377760232409
 141 140 150 66 65
59    3   0.0006386475846514  0.0028053514352919 -0.9999958610577282 -1.1709385936805980
 153 151 152
60    7   0.2052527988076283  0.9016024605292549 -0.3807680287907964 -2.3459702826338766
 158 152 151 154 155 156 157
61    5   0.2007404621570013  0.8817813723366555  0.4268077767017349 -1.3072250979165561
 161 157 156 159 160
62   16  -0.0010978312176104 -0.0004327400872089 -0.9999993037510748 -3.0803882496132675
 162 163 164 165 166 167 168 169 170 171 172 173 174 175 176 177
63    9   0.1735314305625061  0.7622617848975244  0.6235734230159029 -0.9498088458923234
 178 179 180 181 182 183 184 185 186
64    5  -0.2410653066198829 -0.7891047784460595  0.5649789080822905 -0.8034956210472538
 187 188 189 190 191
65    6   0.9553923134591783 -0.2755340368598687 -0.1063321302091868 -2.0322480910467440
 192 193 194 195 196 197
66    7  -0.9329635309980833  0.3011142505102953 -0.1972542977154405 -2.1776069254364199
 198 199 200 201 202 203 204
67    9   0.2439144868888522  0.7984313040934976 -0.5504663256996786 -2.4201892884830580
 205 206 122 121 207 208 209 174 173
68   11  -0.7910390235594960  0.2180741312126229  0.5715775857238448 -0.6835524160997537
 198 210 211 212 213 214 215 216 217 218 199
69   19   0.7810233284670276 -0.2470052446903780  0.5735773439438939 -0.9656895617276650
 194 219 220 221 17 16 20 24 28 34 37 41 0 2 222 223 224 225 195
70    8  -0.1794880215063066 -0.7884269679425251 -0.5883595553373023 -2.6634629726314629
 162 226 227 228 229 230 231 163
71    7   0.7664867649712922 -0.2016203220905115 -0.6097928212466605 -2.1885272642543168
 176 232 233 234 193 192 177
72   16  -0.4717500142042086  0.8784290577232615 -0.0762516533968411 -1.7571430919151918
 43 48 51 55 57 60 64 68 73 236 237 238 239 240 235 44
73   23  -0.1875149973039350 -0.8236866144457203  0.5351434265400749 -0.7774434426935992
 241 242 243 244 108 106 105 31 30 103 101 102 245 98 97 96 246 247 248 249 250 251 252
74   11   0.2331601415961391  0.7632279586659448  0.6025939192204673 -0.9400094424111506
 253 254 255 256 257 258 111 110 117 119 259
75    5   0.1021359417864865  0.3343324713327235  0.9369045031420977 -1.2210924613616061
 260 261 262 263 264
76    6  -0.2362833465064828 -0.7734514783974974 -0.5881691854631820 -2.6797880348535359
 265 266 267 268 269 270
77    3  -0.3509668969560996  0.6535230764227547 -0.6706189870738414 -2.9380383425187513
 271 272 273
78    6  -0.2720386612288088  0.5065535933276670  0.8181677235650805 -1.0047948745408299
 260 274 275 184 183 261
79    7  -0.7776006617928076  0.2509708393655660 -0.5764987845325702 -2.4815581303574872
 168 276 277 278 279 280 169
80    8  -0.9059997270012095  0.2383184747863713 -0.3498125201436214 -2.3634831091998350
 281 282 277 276 283 284 285 286
81    6   0.2808642579006085  0.9597035755978947 -0.0091823536501541 -2.0658690326053533
 155 287 206 205 159 156
82    8  -0.2235435987339071 -0.8706448339343619 -0.4381847014770157 -2.5494675109161409
 230 289 250 249 290 291 288 231
83    7   0.1977734185107106 -0.0625475191994215  0.9782502148083513 -1.3135405660943908
 292 293 294 295 296 297 298
84    4  -0.2047285257671401 -0.7909146022028170 -0.5766630929403870 -2.6295236755258564
 231 288 164 163
85    5   0.4448241858248019 -0.8282914226632882  0.3406827891862583 -1.8748322811263447
 242 299 300 301 243
86    4  -0.3337885848916332  0.6215359475921275  0.7087159137812535 -0.9828144705854151
 178 302 303 179
87    5  -0.2688266773669755 -0.8799790341401230  0.3916236931157871 -1.2625429373724204
 304 305 306 307 308
88    4   0.4714453197007733 -0.8778616968382683 -0.0842505297103334 -2.5246194510120761
 241 252 309 310
89    4  -0.3237773472685111  0.6028943752184113  0.7291684316574378 -0.9646769757236108
 180 311 312 181
90    6   0.8333533959194233 -0.2192092385401973  0.5074144531329315 -1.1707278455623000
 313 314 315 316 317 318
91    7   0.8563745700247074 -0.2763951411189671 -0.4361517187640372 -2.2454508697168700
 196 319 320 300 299 321 197
92    4   0.5585574255513106 -0.1469256002742808  0.8163494780702285 -1.1924245621056526
 293 322 323 294
93    8   0.2028823395268234  0.7837823491355759  0.5869616558955456 -0.9774659678438735
 151 153 325 236 73 72 324 154
94    6   0.2921439720413541  0.9563060216522693  0.0114320843029584 -2.0447625056190186
 118 122 206 287 259 119
95    5   0.1809968162038385  0.7950545658102726 -0.5789027465026513 -2.5209973399670820
 171 327 328 326 172
96    5   0.1587392808475683  0.5424067005035387  0.8249829161654568 -1.1281400090366522
 274 329 330 331 275
97    3   0.7606272081119861 -0.2177472122359804 -0.6115818848226493 -2.2095702957835348
 226 332 227
98    4  -0.2437647693704839 -0.7979412177728074  0.5512427325534589 -0.8306434729058043
 333 334 335 336
99    4  -0.8934631232787238  0.2576737301256628 -0.3678694009348357 -2.3585694699824105
 277 282 337 278
100    7   0.7637185541019254 -0.2008921587449666  0.6134951594554368 -1.0010890012161882
 220 339 340 341 342 338 221
101    7   0.7813954375919016 -0.2055419702038007  0.5892144504298079 -0.9917880313165346
 313 343 344 258 257 345 314
102    6   0.3042703927967382 -0.5665711635184529  0.7657784566940135 -1.1317934463931545
 246 346 322 293 292 247
103   11   0.2244714665659713  0.7670113338497481  0.6010874931686339 -0.9359432536290517
 253 259 287 155 154 324 347 186 185 331 330
104    8  -0.7901065829288404  0.2550071290432405  0.5574073481302840 -0.7360128702196516
 42 45 348 201 200 149 147 46
105    5  -0.0799358816911752  0.1488457850938438  0.9856242626265102 -1.2552061242391397
 262 349 297 296 263
106   22  -0.7883516637163887  0.2273597069066754  0.5716722994783924 -0.6868870375188704
 199 218 350 351 352 353 78 75 74 354 145 142 138 135 132 130 126 124 123 148 149 200
107    6  -0.9404642469040063  0.2712287997520186  0.2048461336719818 -1.5493729807805874
 198 204 337 282 281 210
108    5  -0.7675885513014933  0.2477394277975319  0.5911285746987929 -0.7053452643748049
 217 355 356 350 218
109    6  -0.2526009490107771  0.0728498211834854  0.9648241622764165 -1.2058875074409003
 297 349 357 358 359 298
110    4   0.8900796791158442 -0.2872734748642182  0.3538814991836578 -1.4361518014785115
 195 225 319 196
111    4  -0.2272133857048915 -0.8777789216063587  0.4217561406074581 -1.1227462940429991
 290 305 304 291
112    7   0.2348226551749733  0.8023809917549696 -0.5486739147133634 -2.4203363264426199
 172 326 360 160 159 205 173
113    5   0.4730668523319881 -0.8808810955418623 -0.0160077712900177 -2.4446030852323819
 241 310 321 299 242
114    5   0.1761595779996149  0.7738063007808456  0.6084337366968247 -0.9648199257189102
 71 361 347 324 72
115    9   0.7641872709015697 -0.2106716232983302 -0.6096189647057065 -2.1953675550177616
 197 321 310 309 332 226 162 177 192
116    4  -0.6113865488844323  0.1973251861650677  0.7663349520595449 -0.8876670415372779
 215 358 357 216
117   10  -0.7478882641142136 -0.2692563431216409 -0.6067653303287766 -3.0639087541382448
 265 363 364 365 366 367 368 369 362 266
118    4   0.9590192804656018  0.1986033453991271  0.2020859492679150 -2.2317447163120274
 370 371 372 373
119    9  -0.6108784260436031  0.6929055618094402  0.3830266714055749 -1.3098337448036557
 143 146 354 74 69 67 66 150 144
120    4  -0.6108784260436082  0.6929055618094446  0.3830266714055586 -1.3098337448036692
 353 82 79 78
121    4  -0.9878911430184892  0.0933832071904494  0.1238978053092493 -1.9330392678185002
 374 375 376 377
122    6  -0.7125172674830781 -0.1592664788041707 -0.6833398365877467 -3.0092416985426391
 166 268 267 379 378 167
123    4   0.6933701217919855  0.7155024609124377 -0.0854055187585241 -2.6722893349210501
 84 86 380 87
124    9   0.5506260294668637  0.1321936138717626  0.8242183109620169 -1.1686229093483904
 254 381 264 263 296 295 342 341 255
125    9  -0.6683405556959674 -0.4390176878438741  0.6004867786822824 -1.1904632093668241
 382 383 384 376 375 385 386 387 388
126    3  -0.6429562254321878 -0.2201331186592645  0.7335861927867371 -0.8903633607548898
 189 389 190
127    9  -0.5336112335130296  0.3750282561787142  0.7580322279008035 -0.8768156999951815
 216 357 349 262 261 183 182 355 217
128    7   0.8115353898871134 -0.4973095265258231  0.3067467127573377 -1.7512349652391261
 223 390 391 301 300 320 224
129    7   0.3589412130292295  0.8665607445900060  0.3467472876962695 -1.6299797503433133
 114 380 86 85 93 120 115
130   11   0.9654316085748490  0.0607398084099180 -0.2534807385954720 -2.5532604846366804
 316 392 393 88 87 380 114 113 372 371 317
131    5   0.4361919348189864  0.8903785173759089 -0.1302408990845327 -2.4016561130734186
 90 94 207 121 91
132    8   0.7090952178775827 -0.3754465916047274 -0.5968448951239649 -2.4573774317480028
 227 332 309 252 251 394 395 228
133    4   0.4856212123505188 -0.6260590945517316  0.6101000313426304 -1.2180424958840290
 390 396 397 391
134    6  -0.9725189536436296  0.1540318701775250 -0.1745882807450534 -2.2966254453574666
 398 399 285 284 368 367
135    5   0.1510055827856856 -0.9534117270340571 -0.2611577927642448 -2.7062831569277144
 229 395 394 289 230
136    5  -0.5912535429619424  0.4155399497808565  0.6911915784144609 -0.8365033623050540
 311 351 350 356 312
137    5   0.0000000000000022  0.7592485858722143 -0.6508007259146557 -2.7792959548881200
 170 272 271 327 171
138    7   0.4277769814929922 -0.6086650779022444  0.6682317539948239 -1.0538110561752498
 99 100 245 102 18 15 14
139    7   0.4277769814930376 -0.6086650779022139  0.6682317539948226 -1.0538110561752538
 25 23 22 103 30 29 104
140   10   0.4277769814930159 -0.6086650779022287  0.6682317539948232 -1.0538110561752518
 396 222 2 1 40 39 107 108 244 397
141    7   0.6402630313069631  0.6012470065616181  0.4780850215623916 -1.7524105250322828
 400 401 373 372 113 109 112
142    8   0.8532672531400073  0.0536830253099855 -0.5187033135738329 -2.6130026601283616
 88 393 233 232 208 207 94 89
143    4  -0.3217600697451605  0.9397842596240922 -0.1152215382660129 -1.9626301180119634
 360 402 161 160
144    4  -0.3217600697453306  0.9397842596240480 -0.1152215382658989 -1.9626301180116923
 153 152 158 325
145    8  -0.6633480862359258 -0.0208465534375914  0.7480205463066562 -0.8737903716812149
 214 389 189 188 403 359 358 215
146    5  -0.2527540574416487  0.7778970015410105 -0.5753187303054619 -2.7707447037352835
 237 404 405 406 238
147    4  -0.7070913724074665 -0.7070913724076718  0.0066016765719458 -2.6079542453938060
 364 408 407 365
148    4   0.9027866353883244 -0.3906706628366645  0.1798686302916380 -1.8197590950011715
 224 320 319 225
149    4  -0.0985319831911749  0.7799609592218257  0.6180229367735338 -1.1047024753419221
 80 83 409 81
150    4  -0.0985319831911727  0.7799609592218251  0.6180229367735354 -1.1047024753419197
 71 70 77 361
151    4  -0.4630695511523606 -0.8745861904436041 -0.1437553000097571 -2.5663503379131409
 410 411 308 307
152    7  -0.5104792916906584  0.5267737647896968  0.6796471830915603 -0.9362569716004459
 302 409 83 82 353 352 303
153    6  -0.9176658059210685 -0.3971094548914154  0.0139122061183249 -2.6273639997912657
 365 407 385 375 374 366
154    4  -0.6448549736439512 -0.4235905439390602  0.6361863831080247 -1.0738734785743911
 412 413 388 387
155    5  -0.9164267883293252  0.0287998720590122 -0.3991647642287365 -2.7071564463626405
 283 414 369 368 284
156    3  -0.9168157646745241  0.0576811587671166  0.3951224336424725 -1.4122047013295798
 383 415 384
157    4  -0.7107749362371866 -0.2558947229107932 -0.6552227718901653 -3.0614766991498588
 266 362 379 267
158    6  -0.9867997275785845  0.1562937225646099  0.0424095500769375 -1.9818966001734903
 398 416 417 418 419 399
159    3  -0.6888680807467782  0.5883489225976110  0.4234457611152587 -1.1958717410701540
 145 354 146
160    4  -0.6888680807467861  0.5883489225976003  0.4234457611152604 -1.1958717410701438
 150 140 139 144
161    4   0.6279589370037770  0.4562388735744653  0.6304868465531929 -1.4102658372494818
 343 401 400 344
162    6  -0.1674701766182462  0.7492185017507346 -0.6408005747327619 -2.8444996582891569
 271 273 406 405 328 327
163   12   0.6958228194121398 -0.3545394348291191  0.6246057901880110 -1.0157041309089940
 4 9 12 11 17 221 338 323 322 346 95 5
164    7  -0.8844500179357229  0.1687178642733285  0.4350660272286795 -1.1431806003964449
 211 418 417 415 383 382 212
165    6  -0.8790596935408489  0.2257041674591949  0.4198948487221775 -1.0988220854765429
 210 281 286 419 418 211
166    5   0.4386114905586337  0.3513940652205431  0.8271288722307513 -1.1726170688314579
 253 330 329 381 254
167    3   0.4429452210893179  0.6096617940665809 -0.6573522860458105 -2.7220404459676351
 174 209 175
168    4  -0.6195887851498603 -0.2681200096376485 -0.7377136285500135 -3.1522549543739551
 165 269 268 166
169    9  -0.2152488060941950 -0.7868171181544541 -0.5784347621418886 -2.6375718076004353
 304 308 411 270 269 165 164 288 291
170    5   0.2578571520835083  0.7531391106173540  0.6052199345509727 -0.9723853992910769
 111 258 344 400 112
171    5  -0.5992686738520955  0.3803074648398905  0.7044453766805531 -0.8294063512568776
 181 312 356 355 182
172    6  -0.6956070941353822 -0.6132601471696805  0.3742228780846400 -1.8555540262497057
 385 407 408 336 335 386
173   12  -0.1967950171556289 -0.8197102397134505  0.5379096988636972 -0.7788729131040584
 187 413 412 334 333 306 305 290 249 248 403 188
174    4   0.8314208453332767 -0.1316841252619822 -0.5398135503109256 -2.3356136844354465
 233 393 392 234
175    6  -0.8749870257520310  0.2995750179343037 -0.3803321093403451 -2.3677220979293452
 202 420 421 280 279 203
176    4   0.9609315580786949  0.0000000000003006  0.2767860919346415 -1.9339697411089114
 317 371 370 318
177    5   0.1136270412633477 -0.7983852054354804  0.5913289771654045 -1.0677587474880039
 243 301 391 397 244
178    3   0.3149132304538807 -0.8333936822981610 -0.4541856752371354 -2.9055315812996385
 228 395 229
179    7   0.9054401459517406 -0.2477003942959221 -0.3447066241959028 -2.1827393593330617
 234 392 316 315 219 194 193
180    5  -0.6716942599385199 -0.4262701394068028 -0.6059047692630820 -3.1267281314928046
 270 411 410 363 265
181    5  -0.7233090401111840 -0.2101407018694740 -0.6577726947139433 -3.0345575047687783
 362 369 414 378 379
182    6  -0.5179207250570203  0.5019000993416827  0.6927152465748244 -0.9047356027524748
 179 303 352 351 311 180
183    4  -0.0692734507893550  0.6274710676114368  0.7755522215339846 -1.0274466015546346
 184 275 331 185
184    9  -0.7746134186755621  0.2652094510686467 -0.5741410964838044 -2.4858493995125301
 169 280 421 239 238 406 273 272 170
185    5  -0.5797734832710033 -0.5275532787787255  0.6209269249643021 -1.0867303728581139
 334 412 387 386 335
186    9   0.0728317110205442  0.7704790230765436  0.6332910996286265 -1.0013308545689799
 178 186 347 361 77 76 81 409 302
187    4  -0.5766304830242469  0.7936637716263428 -0.1938945684001282 -2.0366842260057543
 239 421 420 240
188    6   0.7822120065578091 -0.2406398344071516  0.5746623764379435 -0.9674198209986464
 219 315 314 345 339 220
189    4   0.6190192471412990 -0.5286923829130485  0.5807749442928317 -1.2488497529912037
 222 396 390 223
190    6  -0.9915713992095687  0.1252645985467600 -0.0330898869822354 -2.1452354063863894
 366 374 377 416 398 367
191    7  -0.7883498611164845  0.1503857789252837  0.5965640066033612 -0.7251572280577826
 212 382 388 413 187 191 213
192    5   0.6174733493931950 -0.0194048817525224  0.7863524104072678 -1.1509334871898278
 338 342 295 294 323
193    6  -0.0914516276064403 -0.4091310632240829  0.9078812548528934 -1.2165509683913924
 247 292 298 359 403 248
194    6  -0.8448921279116735  0.5177505618770096 -0.1345051964383720 -2.1324469709778873
 235 240 420 202 201 348
195    6   0.9065302331161204  0.0570340479721351  0.4182703119016990 -1.7415504812305413
 373 401 343 313 318 370
196    6  -0.7790813549672422  0.2396767202206834 -0.5792989833640847 -2.4958549451258145
 378 414 283 276 168 167
197    8  -0.5442849049858423 -0.8285945781409315  0.1310914462503338 -2.2186594543592082
 363 410 307 306 333 336 408 364
198    5   0.4066044874543620  0.2580390542066952  0.8764066620502665 -1.2075106363962163
 260 264 381 329 274
199    5   0.7304943111392029  0.0459588065162151  0.6813705669434704 -1.1134575637096364
 256 340 339 345 257
200    4   0.2845170330567896 -0.6868848799308229  0.6687594632025633 -1.0282528983903860
 95 346 246 96
201    5   0.2845170330569569 -0.6868848799307332  0.6687594632025844 -1.0282528983904322
 8 7 98 245 100
202    5   0.7304495456222900  0.0459559901086249 -0.6814187466406585 -2.5592458293592846
 208 232 176 175 209
203    6  -0.4374622154221602  0.8929714826951746 -0.1059657547093254 -1.8300495931795435
 326 328 405 404 402 360
204    4  -0.6326694909154029  0.7647660409553774  0.1219106962751128 -1.6146169107447705
 44 235 348 45
205    6  -0.9742169351426198  0.1230722198879226  0.1890888467709806 -1.7646668043782343
 384 415 417 416 377 376
206    3   0.3388417641609596  0.8558166046144483  0.3908506084509598 -1.5204220572988647
 115 120 116
207    4  -0.1175600533813981 -0.9305836443387585  0.3466896519052134 -1.3925373531235448
 289 394 251 250
208    8  -0.4665126528427507  0.8810890779313215 -0.0777687693598959 -1.7607632455976376
 236 325 158 157 161 402 404 237
209    4  -0.9674895506320685  0.2162595364921831 -0.1311326896465718 -2.1645923546975823
 285 399 419 286
210    5  -0.7480503392000588  0.0470633381795218  0.6619710962134804 -0.7893186315390790
 190 389 214 213 191
211    4   0.5219986800710262  0.3668668169259843  0.7700169586721469 -1.1600326946110848
 255 341 340 256
212    5  -0.9172947129990196  0.2821967011347929 -0.2809545005382304 -2.2697801207198456
 278 337 204 203 279
