16 12
0 0 0
2 0 0
2 2 0
0 2 0
0 0 2
2 0 2
2 2 2
0 2 2
1 1 1
3 1 1
3 3 1
1 3 1
1 1 3
3 1 3
3 3 3
1 3 3
4       0   0  -1   0        0   3   2   1
4       0  -1   0   0        0   1   5   4
4       1   0   0  -2        1   2   6   5
4       0   1   0  -2        2   3   7   6
4      -1   0   0   0        0   4   7   3
4       0   0   1  -2        4   5   6   7
4       0   0  -1   1        8  11  10   9
4       0  -1   0   1        8   9  13  12
4       1   0   0  -3        9  10  14  13
4       0   1   0  -3       10  11  15  14
4      -1   0   0   1        8  12  15  11
4       0   0   1  -3       12  13  14  15
